Trials = 100000   SKIP
Wishes Available,         X,        C0,        C1,        C2,        C3,        C4,        C5,        C6   SKIP
               1,   99.6970,    0.3030,    0.0000,    0.0000,    0.0000,    0.0000,    0.0000,     0.0000
               2,   99.3810,    0.6180,    0.0010,    0.0000,    0.0000,    0.0000,    0.0000,     0.0000
               3,   99.1010,    0.8970,    0.0020,    0.0000,    0.0000,    0.0000,    0.0000,     0.0000
               4,   98.8480,    1.1480,    0.0040,    0.0000,    0.0000,    0.0000,    0.0000,     0.0000
               5,   98.4700,    1.5230,    0.0070,    0.0000,    0.0000,    0.0000,    0.0000,     0.0000
               6,   98.1520,    1.8330,    0.0150,    0.0000,    0.0000,    0.0000,    0.0000,     0.0000
               7,   97.9260,    2.0590,    0.0150,    0.0000,    0.0000,    0.0000,    0.0000,     0.0000
               8,   97.5780,    2.3950,    0.0260,    0.0010,    0.0000,    0.0000,    0.0000,     0.0000
               9,   97.3610,    2.6160,    0.0230,    0.0000,    0.0000,    0.0000,    0.0000,     0.0000
              10,   97.0450,    2.9200,    0.0350,    0.0000,    0.0000,    0.0000,    0.0000,     0.0000
              11,   96.6170,    3.3270,    0.0560,    0.0000,    0.0000,    0.0000,    0.0000,     0.0000
              12,   96.3550,    3.5930,    0.0510,    0.0010,    0.0000,    0.0000,    0.0000,     0.0000
              13,   96.2160,    3.7270,    0.0560,    0.0010,    0.0000,    0.0000,    0.0000,     0.0000
              14,   95.7240,    4.2020,    0.0730,    0.0010,    0.0000,    0.0000,    0.0000,     0.0000
              15,   95.5260,    4.3760,    0.0980,    0.0000,    0.0000,    0.0000,    0.0000,     0.0000
              16,   95.0750,    4.8130,    0.1120,    0.0000,    0.0000,    0.0000,    0.0000,     0.0000
              17,   94.9000,    4.9550,    0.1400,    0.0050,    0.0000,    0.0000,    0.0000,     0.0000
              18,   94.5660,    5.2840,    0.1490,    0.0010,    0.0000,    0.0000,    0.0000,     0.0000
              19,   94.3400,    5.5150,    0.1420,    0.0030,    0.0000,    0.0000,    0.0000,     0.0000
              20,   94.0790,    5.7540,    0.1610,    0.0060,    0.0000,    0.0000,    0.0000,     0.0000
              21,   93.8340,    5.9740,    0.1880,    0.0030,    0.0010,    0.0000,    0.0000,     0.0000
              22,   93.3800,    6.4140,    0.2030,    0.0030,    0.0000,    0.0000,    0.0000,     0.0000
              23,   93.1120,    6.6490,    0.2300,    0.0090,    0.0000,    0.0000,    0.0000,     0.0000
              24,   92.7560,    6.9760,    0.2650,    0.0030,    0.0000,    0.0000,    0.0000,     0.0000
              25,   92.5050,    7.2180,    0.2750,    0.0020,    0.0000,    0.0000,    0.0000,     0.0000
              26,   92.2660,    7.4750,    0.2540,    0.0050,    0.0000,    0.0000,    0.0000,     0.0000
              27,   92.0050,    7.6910,    0.2990,    0.0050,    0.0000,    0.0000,    0.0000,     0.0000
              28,   91.5820,    8.0690,    0.3410,    0.0080,    0.0000,    0.0000,    0.0000,     0.0000
              29,   91.2980,    8.3370,    0.3570,    0.0080,    0.0000,    0.0000,    0.0000,     0.0000
              30,   91.1120,    8.5410,    0.3390,    0.0080,    0.0000,    0.0000,    0.0000,     0.0000
              31,   90.8540,    8.7040,    0.4310,    0.0100,    0.0010,    0.0000,    0.0000,     0.0000
              32,   90.4760,    9.0980,    0.4070,    0.0190,    0.0000,    0.0000,    0.0000,     0.0000
              33,   90.2560,    9.2730,    0.4530,    0.0170,    0.0010,    0.0000,    0.0000,     0.0000
              34,   89.9690,    9.5280,    0.4780,    0.0240,    0.0010,    0.0000,    0.0000,     0.0000
              35,   89.5980,    9.8770,    0.4990,    0.0260,    0.0000,    0.0000,    0.0000,     0.0000
              36,   89.3090,   10.1270,    0.5520,    0.0120,    0.0000,    0.0000,    0.0000,     0.0000
              37,   88.9170,   10.4770,    0.5870,    0.0190,    0.0000,    0.0000,    0.0000,     0.0000
              38,   88.5230,   10.8420,    0.6110,    0.0230,    0.0010,    0.0000,    0.0000,     0.0000
              39,   88.4250,   10.9190,    0.6340,    0.0220,    0.0000,    0.0000,    0.0000,     0.0000
              40,   88.1560,   11.1700,    0.6480,    0.0250,    0.0010,    0.0000,    0.0000,     0.0000
              41,   87.8410,   11.4160,    0.7230,    0.0200,    0.0000,    0.0000,    0.0000,     0.0000
              42,   87.5750,   11.6960,    0.7090,    0.0200,    0.0000,    0.0000,    0.0000,     0.0000
              43,   86.9380,   12.2500,    0.7750,    0.0370,    0.0000,    0.0000,    0.0000,     0.0000
              44,   86.8390,   12.2970,    0.8230,    0.0390,    0.0020,    0.0000,    0.0000,     0.0000
              45,   86.6740,   12.4400,    0.8410,    0.0430,    0.0020,    0.0000,    0.0000,     0.0000
              46,   86.1950,   12.8530,    0.8890,    0.0600,    0.0030,    0.0000,    0.0000,     0.0000
              47,   85.8200,   13.2310,    0.9040,    0.0440,    0.0010,    0.0000,    0.0000,     0.0000
              48,   85.9600,   13.0310,    0.9700,    0.0390,    0.0000,    0.0000,    0.0000,     0.0000
              49,   85.2370,   13.7060,    1.0020,    0.0530,    0.0020,    0.0000,    0.0000,     0.0000
              50,   85.0540,   13.8610,    1.0390,    0.0440,    0.0020,    0.0000,    0.0000,     0.0000
              51,   85.0340,   13.8120,    1.0940,    0.0600,    0.0000,    0.0000,    0.0000,     0.0000
              52,   84.6200,   14.2190,    1.1140,    0.0440,    0.0030,    0.0000,    0.0000,     0.0000
              53,   84.1610,   14.6540,    1.1290,    0.0540,    0.0020,    0.0000,    0.0000,     0.0000
              54,   84.0440,   14.6900,    1.2030,    0.0610,    0.0020,    0.0000,    0.0000,     0.0000
              55,   83.4900,   15.2210,    1.2190,    0.0680,    0.0020,    0.0000,    0.0000,     0.0000
              56,   83.2820,   15.3770,    1.2770,    0.0620,    0.0020,    0.0000,    0.0000,     0.0000
              57,   83.1540,   15.4850,    1.2790,    0.0750,    0.0070,    0.0000,    0.0000,     0.0000
              58,   82.8410,   15.6530,    1.4170,    0.0870,    0.0020,    0.0000,    0.0000,     0.0000
              59,   82.5920,   15.8900,    1.4250,    0.0870,    0.0060,    0.0000,    0.0000,     0.0000
              60,   82.3460,   16.0410,    1.5120,    0.0980,    0.0030,    0.0000,    0.0000,     0.0000
              61,   82.0160,   16.4050,    1.4850,    0.0850,    0.0090,    0.0000,    0.0000,     0.0000
              62,   81.8910,   16.5560,    1.4820,    0.0680,    0.0020,    0.0010,    0.0000,     0.0000
              63,   81.4250,   16.8530,    1.6230,    0.0950,    0.0030,    0.0010,    0.0000,     0.0000
              64,   81.1010,   17.1010,    1.7050,    0.0930,    0.0000,    0.0000,    0.0000,     0.0000
              65,   80.8520,   17.3030,    1.7400,    0.0980,    0.0070,    0.0000,    0.0000,     0.0000
              66,   80.7390,   17.4130,    1.7320,    0.1130,    0.0020,    0.0010,    0.0000,     0.0000
              67,   80.3780,   17.7330,    1.7660,    0.1160,    0.0070,    0.0000,    0.0000,     0.0000
              68,   79.9030,   18.0840,    1.8800,    0.1240,    0.0080,    0.0010,    0.0000,     0.0000
              69,   79.7910,   18.2650,    1.8340,    0.1040,    0.0060,    0.0000,    0.0000,     0.0000
              70,   79.4750,   18.4180,    1.9650,    0.1340,    0.0070,    0.0010,    0.0000,     0.0000
              71,   79.2780,   18.5800,    1.9990,    0.1360,    0.0070,    0.0000,    0.0000,     0.0000
              72,   78.8970,   18.8810,    2.0670,    0.1500,    0.0040,    0.0010,    0.0000,     0.0000
              73,   78.7680,   18.9660,    2.0880,    0.1710,    0.0070,    0.0000,    0.0000,     0.0000
              74,   76.6190,   21.0840,    2.1230,    0.1630,    0.0110,    0.0000,    0.0000,     0.0000
              75,   72.7840,   24.6950,    2.3520,    0.1550,    0.0130,    0.0010,    0.0000,     0.0000
              76,   67.7650,   29.6970,    2.3670,    0.1620,    0.0090,    0.0000,    0.0000,     0.0000
              77,   62.5790,   34.7190,    2.5110,    0.1810,    0.0100,    0.0000,    0.0000,     0.0000
              78,   57.1660,   39.9940,    2.6420,    0.1810,    0.0160,    0.0010,    0.0000,     0.0000
              79,   52.9790,   44.0320,    2.7830,    0.1940,    0.0120,    0.0000,    0.0000,     0.0000
              80,   49.3370,   47.4360,    2.9810,    0.2290,    0.0160,    0.0010,    0.0000,     0.0000
              81,   47.2160,   49.3730,    3.1750,    0.2290,    0.0060,    0.0010,    0.0000,     0.0000
              82,   45.1310,   51.1690,    3.4680,    0.2160,    0.0150,    0.0010,    0.0000,     0.0000
              83,   43.9360,   52.1180,    3.6860,    0.2430,    0.0160,    0.0010,    0.0000,     0.0000
              84,   43.5340,   52.3150,    3.8820,    0.2560,    0.0120,    0.0010,    0.0000,     0.0000
              85,   43.0000,   52.4860,    4.2170,    0.2820,    0.0150,    0.0000,    0.0000,     0.0000
              86,   42.1430,   53.1390,    4.4230,    0.2810,    0.0130,    0.0010,    0.0000,     0.0000
              87,   41.8610,   53.1180,    4.7130,    0.2890,    0.0170,    0.0020,    0.0000,     0.0000
              88,   41.3410,   53.3160,    5.0280,    0.2970,    0.0170,    0.0010,    0.0000,     0.0000
              89,   41.1610,   53.2810,    5.2250,    0.3200,    0.0120,    0.0010,    0.0000,     0.0000
              90,   40.6660,   53.3970,    5.5640,    0.3550,    0.0160,    0.0020,    0.0000,     0.0000
              91,   39.9440,   53.9470,    5.7450,    0.3510,    0.0130,    0.0000,    0.0000,     0.0000
              92,   39.7830,   53.9770,    5.8410,    0.3750,    0.0230,    0.0010,    0.0000,     0.0000
              93,   39.6140,   53.8990,    6.1080,    0.3520,    0.0260,    0.0010,    0.0000,     0.0000
              94,   38.7300,   54.1850,    6.6380,    0.4100,    0.0360,    0.0010,    0.0000,     0.0000
              95,   38.3780,   54.3660,    6.7370,    0.4890,    0.0280,    0.0020,    0.0000,     0.0000
              96,   38.2170,   54.4200,    6.8920,    0.4400,    0.0300,    0.0010,    0.0000,     0.0000
              97,   37.7760,   54.5320,    7.2060,    0.4620,    0.0230,    0.0010,    0.0000,     0.0000
              98,   37.1780,   54.6790,    7.5850,    0.5330,    0.0230,    0.0020,    0.0000,     0.0000
              99,   37.1790,   54.5930,    7.6570,    0.5390,    0.0300,    0.0020,    0.0000,     0.0000
             100,   36.5700,   54.7970,    8.0280,    0.5710,    0.0330,    0.0010,    0.0000,     0.0000
             101,   35.9740,   55.1910,    8.1680,    0.6340,    0.0300,    0.0030,    0.0000,     0.0000
             102,   35.8490,   54.9700,    8.5000,    0.6360,    0.0400,    0.0050,    0.0000,     0.0000
             103,   35.2220,   55.2510,    8.8220,    0.6680,    0.0370,    0.0000,    0.0000,     0.0000
             104,   35.1040,   55.1150,    8.9880,    0.7410,    0.0500,    0.0020,    0.0000,     0.0000
             105,   34.8000,   55.0780,    9.3370,    0.7420,    0.0420,    0.0010,    0.0000,     0.0000
             106,   34.3900,   55.2230,    9.5530,    0.7710,    0.0590,    0.0040,    0.0000,     0.0000
             107,   33.8390,   55.4870,    9.7710,    0.8480,    0.0520,    0.0030,    0.0000,     0.0000
             108,   33.7100,   55.1220,   10.2480,    0.8510,    0.0680,    0.0010,    0.0000,     0.0000
             109,   33.3390,   55.3810,   10.3060,    0.9260,    0.0450,    0.0030,    0.0000,     0.0000
             110,   33.0720,   55.3150,   10.6350,    0.9120,    0.0630,    0.0030,    0.0000,     0.0000
             111,   32.6250,   55.3660,   11.0040,    0.9350,    0.0680,    0.0020,    0.0000,     0.0000
             112,   32.3540,   55.4860,   11.1120,    0.9810,    0.0620,    0.0050,    0.0000,     0.0000
             113,   32.0030,   55.5350,   11.3590,    1.0370,    0.0620,    0.0040,    0.0000,     0.0000
             114,   31.4790,   55.8140,   11.4890,    1.1410,    0.0750,    0.0020,    0.0000,     0.0000
             115,   31.2070,   55.9690,   11.6070,    1.1190,    0.0900,    0.0070,    0.0010,     0.0000
             116,   30.9810,   55.5310,   12.1660,    1.2370,    0.0790,    0.0040,    0.0020,     0.0000
             117,   30.6400,   55.7280,   12.3540,    1.1870,    0.0850,    0.0060,    0.0000,     0.0000
             118,   30.4230,   55.6770,   12.5070,    1.2890,    0.0980,    0.0050,    0.0010,     0.0000
             119,   29.6920,   55.9080,   13.0090,    1.2850,    0.1020,    0.0040,    0.0000,     0.0000
             120,   29.6540,   55.7140,   13.1560,    1.3810,    0.0870,    0.0070,    0.0010,     0.0000
             121,   29.1330,   55.9430,   13.3630,    1.4550,    0.1010,    0.0050,    0.0000,     0.0000
             122,   28.8440,   55.8790,   13.6550,    1.5230,    0.0880,    0.0100,    0.0010,     0.0000
             123,   28.7500,   55.7480,   13.9230,    1.4590,    0.1120,    0.0060,    0.0020,     0.0000
             124,   28.1690,   55.9820,   14.1050,    1.6170,    0.1160,    0.0100,    0.0010,     0.0000
             125,   27.8070,   55.7960,   14.5950,    1.6770,    0.1190,    0.0060,    0.0000,     0.0000
             126,   27.5610,   56.1030,   14.5470,    1.6770,    0.1050,    0.0060,    0.0010,     0.0000
             127,   27.0830,   56.0230,   14.9900,    1.7530,    0.1430,    0.0080,    0.0000,     0.0000
             128,   27.2820,   55.4180,   15.3160,    1.8390,    0.1380,    0.0060,    0.0010,     0.0000
             129,   26.6670,   55.7910,   15.4750,    1.8960,    0.1620,    0.0090,    0.0000,     0.0000
             130,   26.3160,   55.7000,   15.9380,    1.8770,    0.1580,    0.0100,    0.0010,     0.0000
             131,   26.2460,   55.7180,   15.8900,    1.9650,    0.1710,    0.0080,    0.0020,     0.0000
             132,   25.5390,   56.0180,   16.1580,    2.0890,    0.1760,    0.0170,    0.0030,     0.0000
             133,   25.5600,   55.7330,   16.3450,    2.1710,    0.1770,    0.0140,    0.0000,     0.0000
             134,   25.0020,   56.0320,   16.5960,    2.1720,    0.1880,    0.0080,    0.0020,     0.0000
             135,   24.8840,   55.8660,   16.8430,    2.1890,    0.2000,    0.0180,    0.0000,     0.0000
             136,   24.7680,   55.5780,   17.0770,    2.3550,    0.2030,    0.0180,    0.0000,     0.0010
             137,   24.5280,   55.5430,   17.3100,    2.3990,    0.2080,    0.0110,    0.0010,     0.0000
             138,   24.2050,   55.4350,   17.6690,    2.4480,    0.2200,    0.0220,    0.0010,     0.0000
             139,   23.8320,   55.6430,   17.8430,    2.4510,    0.2110,    0.0190,    0.0010,     0.0000
             140,   23.4730,   55.5080,   18.1070,    2.6380,    0.2620,    0.0120,    0.0000,     0.0000
             141,   23.1120,   55.5820,   18.3960,    2.6230,    0.2710,    0.0150,    0.0010,     0.0000
             142,   22.9820,   55.3660,   18.6200,    2.7480,    0.2570,    0.0260,    0.0010,     0.0000
             143,   22.9780,   55.0970,   18.9230,    2.7300,    0.2550,    0.0150,    0.0020,     0.0000
             144,   22.1660,   55.5920,   19.0360,    2.9000,    0.2740,    0.0310,    0.0010,     0.0000
             145,   22.3790,   55.0190,   19.2730,    3.0210,    0.2830,    0.0210,    0.0040,     0.0000
             146,   21.8120,   55.1720,   19.6580,    3.0340,    0.3010,    0.0220,    0.0010,     0.0000
             147,   22.0410,   54.7620,   19.7120,    3.1550,    0.3060,    0.0190,    0.0050,     0.0000
             148,   21.3080,   55.1850,   20.0610,    3.0970,    0.3190,    0.0280,    0.0020,     0.0000
             149,   20.7790,   55.1430,   20.4520,    3.2970,    0.3030,    0.0260,    0.0000,     0.0000
             150,   20.2360,   55.3330,   20.7340,    3.3200,    0.3490,    0.0260,    0.0020,     0.0000
             151,   18.7880,   55.6390,   21.8140,    3.4130,    0.3190,    0.0250,    0.0020,     0.0000
             152,   17.2290,   56.1200,   22.7240,    3.5500,    0.3500,    0.0260,    0.0000,     0.0010
             153,   15.0710,   57.1240,   23.9020,    3.5080,    0.3680,    0.0230,    0.0040,     0.0000
             154,   12.9380,   57.7780,   25.1190,    3.7520,    0.3860,    0.0250,    0.0020,     0.0000
             155,   10.2830,   58.9300,   26.6190,    3.7550,    0.3930,    0.0190,    0.0010,     0.0000
             156,    8.0600,   59.5330,   28.0230,    3.9260,    0.4190,    0.0380,    0.0010,     0.0000
             157,    5.8480,   60.4180,   29.2240,    4.0250,    0.4600,    0.0220,    0.0030,     0.0000
             158,    4.1390,   60.5210,   30.5930,    4.2470,    0.4560,    0.0420,    0.0020,     0.0000
             159,    2.8410,   60.8020,   31.3620,    4.4900,    0.4640,    0.0380,    0.0030,     0.0000
             160,    1.7580,   60.7670,   32.3990,    4.5870,    0.4650,    0.0230,    0.0010,     0.0000
             161,    1.0950,   60.4870,   33.1010,    4.7590,    0.5180,    0.0380,    0.0020,     0.0000
             162,    0.6430,   60.2110,   33.6910,    4.8290,    0.5800,    0.0430,    0.0030,     0.0000
             163,    0.3480,   59.8550,   34.0640,    5.1710,    0.5190,    0.0400,    0.0030,     0.0000
             164,    0.1800,   59.4080,   34.6040,    5.1920,    0.5690,    0.0460,    0.0010,     0.0000
             165,    0.0980,   59.0430,   34.6650,    5.5270,    0.6090,    0.0550,    0.0030,     0.0000
             166,    0.0490,   58.4170,   35.1540,    5.7070,    0.6180,    0.0520,    0.0030,     0.0000
             167,    0.0220,   57.9610,   35.5780,    5.8130,    0.5720,    0.0510,    0.0030,     0.0000
             168,    0.0120,   57.6250,   35.7120,    5.9230,    0.6630,    0.0610,    0.0040,     0.0000
             169,    0.0040,   56.9090,   36.1430,    6.2180,    0.6600,    0.0630,    0.0030,     0.0000
             170,    0.0010,   56.3490,   36.4710,    6.4010,    0.7120,    0.0640,    0.0020,     0.0000
             171,    0.0000,   55.8070,   36.4790,    6.8690,    0.7850,    0.0560,    0.0040,     0.0000
             172,    0.0000,   55.0340,   37.2470,    6.8890,    0.7720,    0.0540,    0.0040,     0.0000
             173,    0.0000,   54.8390,   37.2010,    7.0940,    0.7820,    0.0780,    0.0060,     0.0000
             174,    0.0000,   54.3150,   37.5860,    7.1860,    0.8460,    0.0620,    0.0040,     0.0010
             175,    0.0000,   53.8770,   37.8980,    7.2910,    0.8480,    0.0800,    0.0060,     0.0000
             176,    0.0000,   53.2620,   38.0080,    7.7960,    0.8700,    0.0580,    0.0060,     0.0000
             177,    0.0000,   53.2460,   38.1650,    7.6290,    0.8710,    0.0820,    0.0070,     0.0000
             178,    0.0000,   52.2660,   38.5950,    8.1450,    0.8970,    0.0840,    0.0130,     0.0000
             179,    0.0000,   51.9000,   38.8910,    8.1530,    0.9660,    0.0860,    0.0030,     0.0010
             180,    0.0000,   51.4350,   39.2720,    8.2560,    0.9470,    0.0830,    0.0060,     0.0010
             181,    0.0000,   50.9640,   39.2530,    8.6550,    1.0260,    0.0980,    0.0030,     0.0010
             182,    0.0000,   50.4780,   39.7280,    8.6320,    1.0560,    0.0990,    0.0070,     0.0000
             183,    0.0000,   50.1730,   39.6670,    8.9560,    1.0830,    0.1060,    0.0130,     0.0020
             184,    0.0000,   49.5560,   39.9450,    9.2880,    1.1110,    0.0930,    0.0060,     0.0010
             185,    0.0000,   48.9460,   40.2860,    9.5540,    1.1090,    0.0980,    0.0070,     0.0000
             186,    0.0000,   48.4650,   40.3880,    9.8390,    1.1680,    0.1280,    0.0120,     0.0000
             187,    0.0000,   48.0510,   40.5990,    9.9740,    1.2600,    0.1120,    0.0040,     0.0000
             188,    0.0000,   47.5390,   40.9630,   10.0130,    1.3560,    0.1200,    0.0080,     0.0010
             189,    0.0000,   47.0230,   41.2730,   10.1850,    1.3860,    0.1280,    0.0040,     0.0010
             190,    0.0000,   46.4660,   41.4650,   10.4790,    1.4250,    0.1520,    0.0130,     0.0000
             191,    0.0000,   46.0710,   41.5550,   10.7750,    1.4180,    0.1690,    0.0110,     0.0010
             192,    0.0000,   45.6650,   41.6480,   11.0860,    1.4450,    0.1390,    0.0160,     0.0010
             193,    0.0000,   45.3860,   41.8930,   11.0140,    1.5620,    0.1330,    0.0120,     0.0000
             194,    0.0000,   44.9970,   41.9720,   11.2830,    1.5920,    0.1470,    0.0090,     0.0000
             195,    0.0000,   44.5220,   42.1140,   11.5030,    1.6990,    0.1530,    0.0090,     0.0000
             196,    0.0000,   43.9190,   42.3210,   11.8550,    1.7330,    0.1590,    0.0130,     0.0000
             197,    0.0000,   43.4110,   42.7160,   11.9510,    1.7350,    0.1670,    0.0180,     0.0020
             198,    0.0000,   43.2550,   42.5130,   12.2580,    1.7790,    0.1790,    0.0140,     0.0020
             199,    0.0000,   42.3960,   43.0460,   12.4960,    1.8610,    0.1900,    0.0100,     0.0010
             200,    0.0000,   42.2730,   42.8300,   12.7620,    1.9170,    0.1980,    0.0170,     0.0030
             201,    0.0000,   41.8520,   42.9790,   12.9310,    1.9840,    0.2340,    0.0180,     0.0020
             202,    0.0000,   41.1230,   43.4790,   13.2060,    1.9890,    0.1940,    0.0090,     0.0000
             203,    0.0000,   40.8940,   43.4260,   13.3720,    2.0590,    0.2310,    0.0170,     0.0010
             204,    0.0000,   40.5780,   43.4940,   13.5600,    2.1390,    0.2070,    0.0210,     0.0010
             205,    0.0000,   40.0320,   43.9450,   13.6770,    2.0770,    0.2500,    0.0180,     0.0010
             206,    0.0000,   39.6230,   43.7890,   14.0340,    2.2810,    0.2570,    0.0160,     0.0000
             207,    0.0000,   39.1660,   44.0900,   14.1540,    2.2820,    0.2840,    0.0230,     0.0010
             208,    0.0000,   38.7460,   44.2470,   14.2970,    2.4210,    0.2610,    0.0250,     0.0030
             209,    0.0000,   38.5580,   44.0730,   14.6480,    2.4350,    0.2610,    0.0200,     0.0050
             210,    0.0000,   37.9980,   44.2690,   15.0090,    2.4390,    0.2590,    0.0230,     0.0030
             211,    0.0000,   37.6300,   44.3580,   15.1780,    2.5310,    0.2810,    0.0200,     0.0020
             212,    0.0000,   37.4870,   44.2780,   15.3300,    2.5800,    0.3000,    0.0240,     0.0010
             213,    0.0000,   36.8500,   44.4730,   15.6300,    2.7350,    0.2770,    0.0300,     0.0050
             214,    0.0000,   36.2870,   44.7290,   15.8740,    2.7920,    0.2960,    0.0210,     0.0010
             215,    0.0000,   36.3140,   44.6520,   15.9510,    2.7320,    0.3300,    0.0210,     0.0000
             216,    0.0000,   35.7660,   44.7860,   16.1830,    2.8860,    0.3360,    0.0390,     0.0040
             217,    0.0000,   35.2350,   45.0170,   16.3710,    2.9680,    0.3750,    0.0300,     0.0040
             218,    0.0000,   34.8600,   44.8720,   16.7820,    3.0820,    0.3560,    0.0460,     0.0020
             219,    0.0000,   34.5110,   44.9670,   16.8870,    3.1760,    0.4170,    0.0400,     0.0020
             220,    0.0000,   34.1820,   45.0760,   17.1360,    3.1660,    0.4030,    0.0340,     0.0030
             221,    0.0000,   33.7090,   45.1650,   17.3040,    3.3640,    0.4190,    0.0340,     0.0050
             222,    0.0000,   33.2980,   45.0270,   17.9210,    3.2970,    0.4170,    0.0390,     0.0010
             223,    0.0000,   32.8360,   45.7440,   17.5610,    3.4180,    0.4000,    0.0400,     0.0010
             224,    0.0000,   32.6920,   45.2510,   18.1330,    3.4590,    0.4300,    0.0290,     0.0060
             225,    0.0000,   32.0740,   45.4810,   18.3850,    3.5650,    0.4490,    0.0380,     0.0080
             226,    0.0000,   31.3900,   45.8910,   18.5840,    3.6200,    0.4640,    0.0430,     0.0080
             227,    0.0000,   31.0760,   45.7630,   18.8760,    3.7310,    0.5010,    0.0440,     0.0090
             228,    0.0000,   30.0760,   46.4700,   19.0540,    3.8170,    0.5340,    0.0460,     0.0030
             229,    0.0000,   28.8520,   47.1350,   19.5240,    3.9220,    0.5090,    0.0530,     0.0050
             230,    0.0000,   27.5300,   47.6540,   20.1130,    4.1270,    0.5160,    0.0540,     0.0060
             231,    0.0000,   26.0430,   48.7190,   20.4770,    4.1380,    0.5670,    0.0490,     0.0070
             232,    0.0000,   24.7750,   49.3850,   21.0690,    4.1560,    0.5690,    0.0420,     0.0040
             233,    0.0000,   23.4650,   49.7670,   21.7930,    4.3080,    0.6110,    0.0490,     0.0070
             234,    0.0000,   21.7660,   51.0910,   22.0540,    4.3950,    0.6250,    0.0660,     0.0030
             235,    0.0000,   20.5570,   51.3780,   22.7900,    4.5370,    0.6650,    0.0670,     0.0060
             236,    0.0000,   19.3800,   52.1290,   23.1900,    4.6060,    0.6090,    0.0820,     0.0040
             237,    0.0000,   18.2060,   52.5050,   23.6850,    4.8250,    0.7270,    0.0480,     0.0040
             238,    0.0000,   17.2040,   52.7370,   24.3940,    4.8330,    0.7400,    0.0890,     0.0030
             239,    0.0000,   16.6800,   52.8250,   24.4740,    5.2030,    0.7200,    0.0890,     0.0090
             240,    0.0000,   15.9700,   53.1010,   25.0130,    5.0970,    0.7290,    0.0860,     0.0040
             241,    0.0000,   15.5190,   52.9220,   25.3370,    5.3640,    0.7800,    0.0680,     0.0100
             242,    0.0000,   15.1800,   52.4020,   26.2610,    5.2860,    0.7920,    0.0710,     0.0080
             243,    0.0000,   14.9530,   52.4910,   26.1590,    5.5900,    0.7310,    0.0660,     0.0100
             244,    0.0000,   14.3820,   52.4530,   26.4890,    5.7810,    0.8110,    0.0780,     0.0060
             245,    0.0000,   14.1210,   52.3260,   26.8290,    5.8320,    0.7960,    0.0880,     0.0080
             246,    0.0000,   13.9260,   51.6310,   27.4360,    6.0530,    0.8460,    0.1010,     0.0070
             247,    0.0000,   13.6450,   51.7910,   27.3480,    6.2340,    0.8770,    0.0880,     0.0170
             248,    0.0000,   13.2500,   51.3090,   27.9660,    6.4510,    0.9100,    0.1030,     0.0110
             249,    0.0000,   13.1920,   51.5050,   27.9100,    6.3180,    0.9500,    0.1140,     0.0110
             250,    0.0000,   13.0430,   50.7840,   28.4560,    6.6060,    0.9830,    0.1180,     0.0100
             251,    0.0000,   12.9220,   50.8250,   28.4540,    6.6610,    1.0150,    0.1130,     0.0100
             252,    0.0000,   12.5250,   50.4380,   28.8630,    6.9360,    1.0950,    0.1300,     0.0130
             253,    0.0000,   12.4530,   49.9770,   29.0900,    7.2620,    1.0740,    0.1330,     0.0110
             254,    0.0000,   12.1320,   50.0070,   29.4700,    7.1570,    1.0900,    0.1250,     0.0190
             255,    0.0000,   11.9100,   49.4750,   29.8120,    7.4700,    1.1910,    0.1320,     0.0100
             256,    0.0000,   11.6250,   49.5760,   29.9920,    7.5520,    1.1070,    0.1420,     0.0060
             257,    0.0000,   11.5270,   48.9630,   30.3880,    7.7580,    1.2160,    0.1270,     0.0210
             258,    0.0000,   11.3180,   48.7290,   30.6710,    7.8490,    1.2590,    0.1570,     0.0170
             259,    0.0000,   11.0910,   48.5410,   30.8910,    8.0800,    1.2450,    0.1390,     0.0130
             260,    0.0000,   11.1530,   48.2490,   31.0850,    8.0390,    1.3100,    0.1450,     0.0190
             261,    0.0000,   10.7840,   48.2450,   31.0680,    8.4010,    1.3160,    0.1620,     0.0240
             262,    0.0000,   10.7620,   47.5750,   31.5480,    8.5680,    1.3760,    0.1540,     0.0170
             263,    0.0000,   10.3560,   47.5150,   31.8000,    8.7500,    1.4150,    0.1480,     0.0160
             264,    0.0000,   10.1890,   47.3520,   31.9080,    8.9450,    1.4020,    0.1860,     0.0180
             265,    0.0000,   10.0080,   46.8260,   32.2550,    9.2000,    1.5270,    0.1650,     0.0190
             266,    0.0000,    9.9200,   46.6180,   32.5140,    9.2350,    1.5020,    0.1940,     0.0170
             267,    0.0000,    9.6920,   46.2120,   32.8910,    9.3650,    1.6080,    0.2050,     0.0270
             268,    0.0000,    9.4960,   45.9440,   33.0290,    9.6110,    1.6840,    0.2120,     0.0240
             269,    0.0000,    9.4360,   45.6740,   33.3000,    9.7190,    1.6390,    0.2030,     0.0290
             270,    0.0000,    9.0990,   45.4910,   33.6530,    9.8640,    1.6510,    0.2190,     0.0230
             271,    0.0000,    8.9110,   45.3790,   33.6190,   10.1160,    1.7350,    0.2250,     0.0150
             272,    0.0000,    8.8740,   45.2090,   33.5790,   10.3010,    1.7650,    0.2340,     0.0380
             273,    0.0000,    8.6340,   44.7000,   34.2010,   10.4190,    1.7820,    0.2440,     0.0200
             274,    0.0000,    8.4580,   44.1630,   34.4690,   10.7080,    1.9340,    0.2490,     0.0190
             275,    0.0000,    8.3050,   44.2430,   34.3600,   10.8120,    1.9750,    0.2730,     0.0320
             276,    0.0000,    8.3200,   43.7230,   34.8440,   10.8860,    1.9390,    0.2580,     0.0300
             277,    0.0000,    7.9500,   43.7500,   34.9270,   11.0970,    1.9860,    0.2550,     0.0350
             278,    0.0000,    7.9560,   43.1790,   34.9950,   11.3730,    2.1660,    0.3090,     0.0220
             279,    0.0000,    7.7330,   43.1920,   35.0800,   11.4910,    2.1840,    0.2830,     0.0370
             280,    0.0000,    7.6470,   42.6500,   35.4710,   11.6420,    2.2680,    0.2940,     0.0280
             281,    0.0000,    7.3670,   42.2860,   35.7540,   11.9260,    2.3210,    0.3200,     0.0260
             282,    0.0000,    7.2920,   42.2540,   35.6960,   12.0600,    2.3240,    0.3370,     0.0370
             283,    0.0000,    7.0990,   41.6900,   35.8930,   12.5650,    2.4200,    0.3080,     0.0250
             284,    0.0000,    7.0380,   41.1930,   36.2930,   12.6220,    2.4620,    0.3550,     0.0370
             285,    0.0000,    6.8900,   40.9980,   36.3420,   12.8800,    2.5160,    0.3390,     0.0350
             286,    0.0000,    6.7750,   40.7280,   36.7760,   12.8440,    2.5000,    0.3350,     0.0420
             287,    0.0000,    6.5120,   40.6070,   36.7270,   13.1370,    2.5970,    0.3710,     0.0490
             288,    0.0000,    6.5160,   40.3390,   36.8600,   13.1680,    2.6860,    0.3820,     0.0490
             289,    0.0000,    6.2480,   39.9030,   37.1250,   13.5050,    2.7400,    0.4280,     0.0510
             290,    0.0000,    6.2510,   39.6910,   37.3420,   13.4360,    2.8310,    0.4180,     0.0310
             291,    0.0000,    6.1140,   39.0520,   37.6930,   13.8520,    2.8350,    0.3930,     0.0610
             292,    0.0000,    5.8490,   39.3040,   37.3200,   14.0870,    2.9520,    0.4380,     0.0500
             293,    0.0000,    5.7790,   38.7210,   37.6400,   14.3990,    2.9560,    0.4550,     0.0500
             294,    0.0000,    5.7050,   38.6270,   37.7710,   14.4050,    3.0090,    0.4290,     0.0540
             295,    0.0000,    5.8270,   38.3510,   37.4370,   14.7330,    3.1390,    0.4530,     0.0600
             296,    0.0000,    5.3750,   37.9790,   38.1380,   14.7550,    3.2290,    0.4730,     0.0510
             297,    0.0000,    5.2550,   37.8450,   38.2220,   14.8390,    3.2970,    0.4850,     0.0570
             298,    0.0000,    5.2270,   37.4280,   38.3990,   15.1140,    3.2810,    0.4890,     0.0620
             299,    0.0000,    5.1420,   37.1800,   38.4850,   15.3020,    3.3620,    0.4620,     0.0670
             300,    0.0000,    5.0540,   36.8050,   38.3710,   15.6660,    3.5070,    0.5200,     0.0770
             301,    0.0000,    4.8910,   36.4120,   38.7880,   15.6340,    3.6780,    0.5230,     0.0740
             302,    0.0000,    4.7480,   36.1480,   38.9950,   15.8470,    3.5840,    0.6010,     0.0770
             303,    0.0000,    4.5140,   35.5010,   39.2320,   16.2410,    3.8080,    0.6180,     0.0860
             304,    0.0000,    4.3430,   35.5020,   39.2130,   16.4510,    3.8480,    0.5600,     0.0830
             305,    0.0000,    4.1920,   35.1110,   39.7110,   16.4080,    3.8730,    0.6160,     0.0890
             306,    0.0000,    3.8870,   34.6670,   39.9110,   16.8440,    3.9610,    0.6240,     0.1060
             307,    0.0000,    3.4600,   34.1890,   40.1910,   17.3820,    4.0460,    0.6600,     0.0720
             308,    0.0000,    3.1290,   33.9810,   40.6010,   17.4060,    4.1390,    0.6380,     0.1060
             309,    0.0000,    2.7330,   33.3660,   41.1820,   17.7850,    4.1880,    0.6530,     0.0930
             310,    0.0000,    2.4630,   33.0020,   41.3040,   18.2000,    4.2550,    0.6950,     0.0810
             311,    0.0000,    2.0490,   32.2580,   42.1050,   18.3880,    4.3660,    0.7390,     0.0950
             312,    0.0000,    1.7940,   31.6330,   42.7170,   18.6120,    4.4600,    0.6900,     0.0940
             313,    0.0000,    1.4220,   31.6570,   42.5930,   18.9180,    4.5610,    0.7590,     0.0900
             314,    0.0000,    1.0490,   30.7690,   43.3040,   19.2290,    4.7580,    0.7810,     0.1100
             315,    0.0000,    0.8210,   30.5520,   43.2990,   19.6140,    4.8640,    0.7410,     0.1090
             316,    0.0000,    0.5940,   29.9570,   43.7970,   19.8330,    4.9050,    0.8070,     0.1070
             317,    0.0000,    0.4790,   29.7570,   43.7470,   20.0390,    5.0500,    0.8310,     0.0970
             318,    0.0000,    0.3210,   29.0690,   43.9610,   20.5990,    5.0530,    0.8520,     0.1450
             319,    0.0000,    0.2120,   28.3510,   44.2830,   20.9850,    5.1810,    0.8670,     0.1210
             320,    0.0000,    0.1590,   28.1750,   44.4980,   21.0260,    5.1460,    0.8670,     0.1290
             321,    0.0000,    0.1060,   27.8210,   44.2750,   21.1960,    5.4850,    0.9760,     0.1410
             322,    0.0000,    0.0540,   27.6190,   44.5630,   21.3500,    5.3870,    0.9020,     0.1250
             323,    0.0000,    0.0460,   26.7510,   44.5280,   21.9150,    5.6020,    1.0070,     0.1510
             324,    0.0000,    0.0260,   26.5870,   44.3300,   22.1250,    5.7430,    1.0630,     0.1260
             325,    0.0000,    0.0200,   26.1330,   44.5000,   22.3470,    5.8010,    1.0560,     0.1430
             326,    0.0000,    0.0050,   26.1620,   44.1090,   22.6600,    5.8420,    1.0880,     0.1340
             327,    0.0000,    0.0040,   25.4660,   43.8920,   23.1980,    6.1160,    1.1390,     0.1850
             328,    0.0000,    0.0010,   25.2420,   44.1270,   23.0640,    6.2520,    1.1360,     0.1780
             329,    0.0000,    0.0030,   24.5030,   44.4370,   23.3320,    6.3990,    1.1530,     0.1730
             330,    0.0000,    0.0000,   24.3690,   44.2490,   23.4840,    6.4990,    1.2100,     0.1890
             331,    0.0000,    0.0000,   24.1500,   44.1220,   23.8050,    6.5900,    1.1660,     0.1670
             332,    0.0000,    0.0000,   23.8510,   43.9590,   23.9690,    6.7510,    1.2760,     0.1940
             333,    0.0000,    0.0000,   23.5530,   43.7850,   24.3360,    6.9190,    1.2040,     0.2030
             334,    0.0000,    0.0000,   22.8890,   43.7690,   24.6720,    7.1380,    1.3020,     0.2300
             335,    0.0000,    0.0000,   22.8310,   43.6620,   24.8400,    7.1750,    1.2760,     0.2160
             336,    0.0000,    0.0000,   22.3650,   43.4890,   24.9880,    7.5200,    1.4120,     0.2260
             337,    0.0000,    0.0000,   21.9560,   43.4510,   25.5200,    7.4610,    1.4030,     0.2090
             338,    0.0000,    0.0000,   21.8870,   43.3240,   25.5850,    7.5270,    1.4760,     0.2010
             339,    0.0000,    0.0000,   21.5740,   43.4840,   25.6640,    7.6070,    1.4560,     0.2150
             340,    0.0000,    0.0000,   20.9620,   43.5220,   25.8740,    7.8800,    1.5330,     0.2290
             341,    0.0000,    0.0000,   20.8470,   43.1500,   26.1900,    8.0160,    1.5520,     0.2450
             342,    0.0000,    0.0000,   20.5680,   43.0830,   26.5370,    7.9650,    1.5640,     0.2830
             343,    0.0000,    0.0000,   20.2490,   42.7240,   26.7380,    8.4060,    1.6310,     0.2520
             344,    0.0000,    0.0000,   19.9410,   42.7770,   26.9690,    8.4210,    1.6440,     0.2480
             345,    0.0000,    0.0000,   19.7110,   42.5750,   27.1390,    8.5620,    1.7220,     0.2910
             346,    0.0000,    0.0000,   19.3490,   42.5640,   27.4370,    8.6460,    1.7340,     0.2700
             347,    0.0000,    0.0000,   18.9420,   42.4140,   27.6400,    8.9170,    1.7860,     0.3010
             348,    0.0000,    0.0000,   18.7790,   42.3680,   27.8170,    8.8380,    1.8590,     0.3390
             349,    0.0000,    0.0000,   18.3730,   42.1920,   28.3250,    8.9940,    1.8090,     0.3070
             350,    0.0000,    0.0000,   17.9720,   42.3750,   28.3170,    9.1220,    1.8720,     0.3420
             351,    0.0000,    0.0000,   18.0030,   41.9010,   28.4500,    9.3910,    1.9220,     0.3330
             352,    0.0000,    0.0000,   17.6560,   41.9290,   28.5780,    9.4960,    1.9940,     0.3470
             353,    0.0000,    0.0000,   17.3390,   41.8080,   28.8680,    9.5410,    2.0700,     0.3740
             354,    0.0000,    0.0000,   17.1730,   41.4150,   29.0420,    9.8380,    2.1330,     0.3990
             355,    0.0000,    0.0000,   16.6240,   41.5680,   29.3630,    9.9730,    2.0780,     0.3940
             356,    0.0000,    0.0000,   16.5520,   41.4610,   29.2280,   10.2170,    2.1330,     0.4090
             357,    0.0000,    0.0000,   16.5240,   40.9680,   29.5680,   10.2100,    2.3160,     0.4140
             358,    0.0000,    0.0000,   16.0350,   40.5970,   30.0480,   10.6240,    2.3200,     0.3760
             359,    0.0000,    0.0000,   15.8340,   40.7220,   30.0570,   10.6810,    2.2970,     0.4090
             360,    0.0000,    0.0000,   15.4720,   40.6470,   30.3600,   10.7610,    2.3440,     0.4160
             361,    0.0000,    0.0000,   15.2270,   40.4820,   30.5900,   10.8660,    2.3840,     0.4510
             362,    0.0000,    0.0000,   15.0000,   40.2300,   30.6730,   11.1490,    2.4900,     0.4580
             363,    0.0000,    0.0000,   14.9290,   40.0660,   30.8460,   11.1380,    2.5570,     0.4640
             364,    0.0000,    0.0000,   14.5320,   40.0460,   30.8860,   11.4110,    2.6490,     0.4760
             365,    0.0000,    0.0000,   14.3010,   39.8370,   31.1390,   11.6020,    2.6060,     0.5150
             366,    0.0000,    0.0000,   14.0930,   39.7530,   31.3070,   11.7090,    2.6580,     0.4800
             367,    0.0000,    0.0000,   13.6120,   39.5610,   31.5120,   11.9830,    2.8090,     0.5230
             368,    0.0000,    0.0000,   13.5580,   39.3410,   31.7110,   12.0880,    2.7740,     0.5280
             369,    0.0000,    0.0000,   13.3010,   39.2500,   31.8360,   12.1980,    2.8360,     0.5790
             370,    0.0000,    0.0000,   13.0780,   39.1540,   31.7320,   12.5580,    2.9240,     0.5540
             371,    0.0000,    0.0000,   12.8000,   38.9610,   32.2180,   12.4470,    3.0190,     0.5550
             372,    0.0000,    0.0000,   12.7510,   38.4630,   32.2160,   12.7980,    3.1760,     0.5960
             373,    0.0000,    0.0000,   12.5790,   38.3210,   32.3900,   13.0450,    3.0350,     0.6300
             374,    0.0000,    0.0000,   12.2440,   38.0730,   32.7010,   13.1740,    3.1740,     0.6340
             375,    0.0000,    0.0000,   12.0790,   37.9450,   32.8840,   13.2050,    3.2390,     0.6480
             376,    0.0000,    0.0000,   11.9130,   37.8180,   32.8510,   13.4250,    3.3450,     0.6480
