Trials = 100000   SKIP
Wishes Available,X,C0,C1,C2,C3,C4,C5,C6   SKIP
1,99.7140,0.2860,0.0000,0.0000,0.0000,0.0000,0.0000,0.0000
2,99.4160,0.5830,0.0010,0.0000,0.0000,0.0000,0.0000,0.0000
3,99.1180,0.8800,0.0020,0.0000,0.0000,0.0000,0.0000,0.0000
4,98.7580,1.2370,0.0050,0.0000,0.0000,0.0000,0.0000,0.0000
5,98.4930,1.5020,0.0050,0.0000,0.0000,0.0000,0.0000,0.0000
6,98.2220,1.7660,0.0120,0.0000,0.0000,0.0000,0.0000,0.0000
7,97.8920,2.0790,0.0290,0.0000,0.0000,0.0000,0.0000,0.0000
8,97.5400,2.4370,0.0230,0.0000,0.0000,0.0000,0.0000,0.0000
9,97.3020,2.6560,0.0420,0.0000,0.0000,0.0000,0.0000,0.0000
10,97.0250,2.9330,0.0420,0.0000,0.0000,0.0000,0.0000,0.0000
11,96.6360,3.3280,0.0360,0.0000,0.0000,0.0000,0.0000,0.0000
12,96.4620,3.4840,0.0540,0.0000,0.0000,0.0000,0.0000,0.0000
13,96.0680,3.8640,0.0660,0.0020,0.0000,0.0000,0.0000,0.0000
14,95.8280,4.1080,0.0640,0.0000,0.0000,0.0000,0.0000,0.0000
15,95.4060,4.5140,0.0780,0.0020,0.0000,0.0000,0.0000,0.0000
16,95.1910,4.6910,0.1180,0.0000,0.0000,0.0000,0.0000,0.0000
17,95.0660,4.8050,0.1280,0.0010,0.0000,0.0000,0.0000,0.0000
18,94.6320,5.2300,0.1370,0.0010,0.0000,0.0000,0.0000,0.0000
19,94.2560,5.6040,0.1400,0.0000,0.0000,0.0000,0.0000,0.0000
20,94.0150,5.8100,0.1730,0.0020,0.0000,0.0000,0.0000,0.0000
21,91.1830,8.6120,0.2000,0.0050,0.0000,0.0000,0.0000,0.0000
22,86.1280,13.6560,0.2110,0.0050,0.0000,0.0000,0.0000,0.0000
23,79.5650,20.1550,0.2770,0.0030,0.0000,0.0000,0.0000,0.0000
24,72.3060,27.3540,0.3280,0.0120,0.0000,0.0000,0.0000,0.0000
25,65.1640,34.4440,0.3870,0.0050,0.0000,0.0000,0.0000,0.0000
26,59.1610,40.3060,0.5230,0.0100,0.0000,0.0000,0.0000,0.0000
27,55.0100,44.3610,0.6210,0.0080,0.0000,0.0000,0.0000,0.0000
28,52.1640,47.0690,0.7540,0.0110,0.0020,0.0000,0.0000,0.0000
29,50.0660,49.0730,0.8500,0.0110,0.0000,0.0000,0.0000,0.0000
30,48.8020,50.1270,1.0570,0.0140,0.0000,0.0000,0.0000,0.0000
31,47.6640,51.1470,1.1780,0.0110,0.0000,0.0000,0.0000,0.0000
32,47.6060,50.9650,1.4030,0.0250,0.0010,0.0000,0.0000,0.0000
33,47.0890,51.4510,1.4340,0.0260,0.0000,0.0000,0.0000,0.0000
34,46.7280,51.5680,1.6730,0.0310,0.0000,0.0000,0.0000,0.0000
35,46.4800,51.6700,1.8170,0.0320,0.0010,0.0000,0.0000,0.0000
36,46.2410,51.7250,1.9880,0.0460,0.0000,0.0000,0.0000,0.0000
37,46.0960,51.6840,2.1530,0.0670,0.0000,0.0000,0.0000,0.0000
38,45.6070,52.0360,2.2980,0.0580,0.0010,0.0000,0.0000,0.0000
39,45.4880,52.0060,2.4570,0.0470,0.0020,0.0000,0.0000,0.0000
40,45.2520,52.0180,2.6540,0.0750,0.0010,0.0000,0.0000,0.0000
41,45.0590,52.1710,2.7130,0.0570,0.0000,0.0000,0.0000,0.0000
42,44.6790,52.3890,2.8390,0.0930,0.0000,0.0000,0.0000,0.0000
43,44.4250,52.4770,3.0150,0.0810,0.0020,0.0000,0.0000,0.0000
44,44.2110,52.5750,3.1140,0.0950,0.0050,0.0000,0.0000,0.0000
45,43.6190,52.8820,3.3780,0.1200,0.0010,0.0000,0.0000,0.0000
46,43.5890,52.7050,3.5860,0.1170,0.0030,0.0000,0.0000,0.0000
47,43.3250,52.7930,3.7360,0.1450,0.0010,0.0000,0.0000,0.0000
48,42.9720,53.0800,3.8050,0.1420,0.0010,0.0000,0.0000,0.0000
49,42.8470,53.0430,3.9490,0.1560,0.0050,0.0000,0.0000,0.0000
50,42.8170,52.9300,4.0640,0.1850,0.0040,0.0000,0.0000,0.0000
51,42.1170,53.4420,4.2730,0.1630,0.0050,0.0000,0.0000,0.0000
52,42.2020,53.3050,4.2960,0.1910,0.0060,0.0000,0.0000,0.0000
53,41.9610,53.2240,4.5970,0.2090,0.0080,0.0010,0.0000,0.0000
54,41.6310,53.3020,4.8060,0.2540,0.0070,0.0000,0.0000,0.0000
55,41.4100,53.4190,4.9000,0.2610,0.0090,0.0010,0.0000,0.0000
56,40.8040,53.7470,5.1910,0.2550,0.0030,0.0000,0.0000,0.0000
57,40.7410,53.7260,5.2500,0.2740,0.0090,0.0000,0.0000,0.0000
58,40.7280,53.5550,5.3950,0.3080,0.0140,0.0000,0.0000,0.0000
59,40.3930,53.7800,5.5140,0.3070,0.0060,0.0000,0.0000,0.0000
60,40.1300,54.0010,5.5960,0.2640,0.0090,0.0000,0.0000,0.0000
61,39.8670,53.8580,5.9300,0.3330,0.0120,0.0000,0.0000,0.0000
62,39.4690,54.0070,6.1560,0.3480,0.0200,0.0000,0.0000,0.0000
63,39.5690,53.8710,6.1970,0.3450,0.0180,0.0000,0.0000,0.0000
64,38.9570,54.2420,6.4040,0.3840,0.0130,0.0000,0.0000,0.0000
65,38.7950,54.2470,6.5080,0.4310,0.0180,0.0010,0.0000,0.0000
66,38.9850,53.8220,6.7470,0.4360,0.0100,0.0000,0.0000,0.0000
67,38.4380,54.1040,6.9900,0.4460,0.0220,0.0000,0.0000,0.0000
68,37.9930,54.5920,6.9150,0.4770,0.0220,0.0010,0.0000,0.0000
69,37.8440,54.4720,7.1500,0.5130,0.0200,0.0010,0.0000,0.0000
70,37.5520,54.5310,7.4130,0.4870,0.0160,0.0010,0.0000,0.0000
71,37.4910,54.5720,7.3730,0.5460,0.0180,0.0000,0.0000,0.0000
72,37.2850,54.4490,7.7060,0.5330,0.0270,0.0000,0.0000,0.0000
73,36.8250,54.7530,7.8140,0.5730,0.0340,0.0010,0.0000,0.0000
74,36.8170,54.5690,7.9920,0.5820,0.0380,0.0020,0.0000,0.0000
75,36.6010,54.6880,8.0950,0.5880,0.0280,0.0000,0.0000,0.0000
76,36.5490,54.6140,8.1430,0.6720,0.0210,0.0010,0.0000,0.0000
77,35.9810,54.6920,8.6270,0.6550,0.0420,0.0030,0.0000,0.0000
78,35.5680,55.0730,8.6490,0.6800,0.0290,0.0010,0.0000,0.0000
79,35.4160,54.9040,8.8930,0.7400,0.0450,0.0020,0.0000,0.0000
80,35.1080,55.0900,9.0690,0.6890,0.0420,0.0020,0.0000,0.0000
81,34.5260,55.3860,9.2850,0.7550,0.0460,0.0020,0.0000,0.0000
82,34.1950,55.2860,9.6490,0.8110,0.0540,0.0050,0.0000,0.0000
83,34.1970,55.0300,9.9130,0.7940,0.0640,0.0020,0.0000,0.0000
84,33.5790,55.5110,9.9960,0.8610,0.0510,0.0010,0.0010,0.0000
85,33.2300,55.5150,10.3070,0.8850,0.0620,0.0010,0.0000,0.0000
86,33.0270,55.3310,10.6400,0.9550,0.0440,0.0030,0.0000,0.0000
87,32.4370,55.5350,10.9560,1.0070,0.0630,0.0020,0.0000,0.0000
88,31.8330,55.7910,11.2910,1.0140,0.0690,0.0020,0.0000,0.0000
89,31.8520,55.6640,11.4570,0.9680,0.0570,0.0020,0.0000,0.0000
90,31.3500,55.8430,11.6510,1.0660,0.0870,0.0030,0.0000,0.0000
91,30.9070,56.0780,11.8930,1.0500,0.0680,0.0040,0.0000,0.0000
92,30.6640,56.0250,12.0990,1.1240,0.0850,0.0030,0.0000,0.0000
93,30.1770,56.2710,12.3070,1.1640,0.0770,0.0040,0.0000,0.0000
94,29.6990,56.4020,12.6590,1.1570,0.0810,0.0020,0.0000,0.0000
95,29.5140,56.3440,12.8310,1.2280,0.0780,0.0050,0.0000,0.0000
96,28.8040,56.4880,13.3500,1.2590,0.0890,0.0100,0.0000,0.0000
97,27.6490,56.8850,13.9750,1.3810,0.1050,0.0050,0.0000,0.0000
98,25.7960,57.9080,14.8580,1.3360,0.0940,0.0080,0.0000,0.0000
99,23.6590,58.5810,16.2310,1.4240,0.0970,0.0080,0.0000,0.0000
100,20.8420,59.7360,17.8400,1.4680,0.1100,0.0040,0.0000,0.0000
101,17.5550,61.2350,19.5310,1.5630,0.1110,0.0050,0.0000,0.0000
102,13.9300,62.7550,21.5030,1.6890,0.1150,0.0080,0.0000,0.0000
103,10.9860,63.8160,23.2980,1.7860,0.1110,0.0030,0.0000,0.0000
104,8.2480,64.8710,24.9050,1.8370,0.1310,0.0080,0.0000,0.0000
105,5.7950,65.7030,26.4050,1.9520,0.1400,0.0050,0.0000,0.0000
106,3.8590,66.4680,27.4180,2.1210,0.1280,0.0060,0.0000,0.0000
107,2.4420,66.7190,28.4310,2.2590,0.1370,0.0090,0.0030,0.0000
108,1.4460,66.7260,29.3100,2.3580,0.1540,0.0060,0.0000,0.0000
109,0.8750,66.4610,30.1470,2.3460,0.1620,0.0080,0.0010,0.0000
110,0.4780,66.2450,30.5970,2.5040,0.1670,0.0080,0.0010,0.0000
111,0.2460,66.0270,30.7730,2.7580,0.1840,0.0120,0.0000,0.0000
112,0.1400,65.5920,31.2340,2.8430,0.1780,0.0120,0.0010,0.0000
113,0.0790,65.1130,31.5830,3.0240,0.1880,0.0120,0.0010,0.0000
114,0.0350,64.7920,31.8460,3.1060,0.2100,0.0100,0.0000,0.0010
115,0.0070,64.3270,32.2480,3.1820,0.2260,0.0100,0.0000,0.0000
116,0.0040,64.0050,32.2920,3.4610,0.2240,0.0120,0.0020,0.0000
117,0.0030,63.4650,32.6680,3.6100,0.2390,0.0150,0.0000,0.0000
118,0.0000,62.9060,33.0800,3.7340,0.2670,0.0120,0.0010,0.0000
119,0.0010,62.5090,33.3420,3.8650,0.2630,0.0170,0.0020,0.0010
120,0.0000,62.5760,33.1630,3.9370,0.3090,0.0150,0.0000,0.0000
121,0.0000,61.6530,33.7890,4.2510,0.2890,0.0180,0.0000,0.0000
122,0.0000,61.3240,33.8980,4.4320,0.3290,0.0160,0.0010,0.0000
123,0.0000,61.0800,33.9560,4.5760,0.3590,0.0270,0.0020,0.0000
124,0.0000,60.3210,34.5980,4.6850,0.3770,0.0180,0.0010,0.0000
125,0.0000,59.8850,34.8510,4.8800,0.3620,0.0220,0.0000,0.0000
126,0.0000,59.7120,34.9430,4.9170,0.3970,0.0310,0.0000,0.0000
127,0.0000,59.1630,35.2340,5.1590,0.4140,0.0280,0.0020,0.0000
128,0.0000,58.4290,35.7910,5.3250,0.4250,0.0300,0.0000,0.0000
129,0.0000,57.9620,36.0090,5.5370,0.4710,0.0190,0.0020,0.0000
130,0.0000,57.8130,36.1960,5.4860,0.4680,0.0350,0.0020,0.0000
131,0.0000,57.3710,36.4450,5.6680,0.4860,0.0280,0.0020,0.0000
132,0.0000,56.9780,36.5750,5.9210,0.4910,0.0330,0.0020,0.0000
133,0.0000,56.5360,36.7590,6.1570,0.5200,0.0250,0.0030,0.0000
134,0.0000,56.2950,36.9430,6.1930,0.5300,0.0340,0.0050,0.0000
135,0.0000,55.7100,37.1800,6.5120,0.5600,0.0340,0.0030,0.0010
136,0.0000,55.3320,37.5560,6.4850,0.5890,0.0370,0.0010,0.0000
137,0.0000,55.0170,37.5910,6.7450,0.6100,0.0370,0.0000,0.0000
138,0.0000,54.7340,37.5460,7.0280,0.6470,0.0440,0.0010,0.0000
139,0.0000,54.2370,38.0000,7.0860,0.6270,0.0450,0.0040,0.0010
140,0.0000,53.8040,38.2980,7.2200,0.6320,0.0440,0.0020,0.0000
141,0.0000,53.4060,38.3570,7.4870,0.7020,0.0440,0.0030,0.0010
142,0.0000,52.8270,38.7440,7.5800,0.7960,0.0500,0.0030,0.0000
143,0.0000,52.6610,38.8600,7.6470,0.7670,0.0640,0.0010,0.0000
144,0.0000,52.1400,39.0370,7.9710,0.7900,0.0570,0.0050,0.0000
145,0.0000,51.9160,39.0930,8.0710,0.8640,0.0550,0.0010,0.0000
146,0.0000,51.2940,39.4550,8.2930,0.8920,0.0630,0.0030,0.0000
147,0.0000,51.1560,39.4830,8.3990,0.8960,0.0640,0.0020,0.0000
148,0.0000,50.5240,39.8250,8.6250,0.9450,0.0750,0.0050,0.0010
149,0.0000,50.3510,39.8450,8.7740,0.9560,0.0650,0.0090,0.0000
150,0.0000,49.8130,40.1840,8.9350,0.9740,0.0880,0.0060,0.0000
151,0.0000,49.3960,40.3060,9.1850,1.0400,0.0650,0.0080,0.0000
152,0.0000,49.4790,40.0040,9.3440,1.0690,0.0920,0.0110,0.0010
153,0.0000,48.4910,40.7840,9.5370,1.0990,0.0810,0.0080,0.0000
154,0.0000,48.2250,40.7760,9.7060,1.1880,0.0980,0.0070,0.0000
155,0.0000,47.8180,41.1040,9.8160,1.1660,0.0890,0.0060,0.0010
156,0.0000,47.4840,41.1080,10.0890,1.2080,0.1050,0.0060,0.0000
157,0.0000,46.9610,41.3000,10.3430,1.2850,0.1020,0.0080,0.0010
158,0.0000,46.2990,41.9150,10.3940,1.2660,0.1170,0.0080,0.0010
159,0.0000,46.2310,41.7640,10.5580,1.3380,0.1030,0.0050,0.0010
160,0.0000,45.6150,42.0000,10.8850,1.3640,0.1220,0.0140,0.0000
161,0.0000,45.1650,42.2770,10.9660,1.4510,0.1360,0.0050,0.0000
162,0.0000,44.3910,42.7420,11.2660,1.4490,0.1450,0.0070,0.0000
163,0.0000,44.1650,42.4810,11.6710,1.5510,0.1210,0.0090,0.0020
164,0.0000,43.7420,42.8370,11.7440,1.5320,0.1380,0.0070,0.0000
165,0.0000,43.6000,42.8530,11.7590,1.6330,0.1510,0.0030,0.0010
166,0.0000,42.8860,43.2530,12.0740,1.6130,0.1610,0.0130,0.0000
167,0.0000,42.5760,43.2260,12.3440,1.6830,0.1590,0.0110,0.0010
168,0.0000,42.0480,43.6840,12.3750,1.7140,0.1680,0.0110,0.0000
169,0.0000,41.3200,44.0770,12.5770,1.8420,0.1690,0.0130,0.0020
170,0.0000,40.7030,44.2480,13.0440,1.8190,0.1740,0.0110,0.0010
171,0.0000,40.4380,44.2300,13.2330,1.9000,0.1810,0.0160,0.0020
172,0.0000,40.1290,44.2770,13.3890,1.9960,0.1950,0.0140,0.0000
173,0.0000,39.3990,44.5310,13.9080,1.9410,0.2040,0.0160,0.0010
174,0.0000,38.3770,45.2320,14.0880,2.0770,0.2090,0.0150,0.0020
175,0.0000,37.0990,45.9200,14.6750,2.0830,0.2070,0.0150,0.0010
176,0.0000,35.9860,46.5980,14.9760,2.2240,0.2000,0.0160,0.0000
177,0.0000,34.1910,47.9050,15.4800,2.2000,0.2080,0.0160,0.0000
178,0.0000,32.2840,49.1160,15.9610,2.3790,0.2460,0.0120,0.0020
179,0.0000,30.5730,50.1290,16.6250,2.4440,0.2120,0.0140,0.0030
180,0.0000,28.4490,51.5090,17.3300,2.4240,0.2640,0.0210,0.0030
181,0.0000,26.5660,52.5130,18.0470,2.5710,0.2740,0.0290,0.0000
182,0.0000,25.1570,53.3830,18.5480,2.6310,0.2500,0.0290,0.0020
183,0.0000,23.5280,54.1470,19.3050,2.7190,0.2830,0.0170,0.0010
184,0.0000,21.8800,55.0280,19.9830,2.8150,0.2700,0.0230,0.0010
185,0.0000,20.6050,55.7360,20.4930,2.8250,0.3110,0.0290,0.0010
186,0.0000,19.9020,55.9760,20.7950,3.0040,0.2980,0.0230,0.0020
187,0.0000,19.0970,56.1050,21.3280,3.1360,0.3000,0.0320,0.0020
188,0.0000,18.6360,56.0910,21.7500,3.1590,0.3330,0.0300,0.0010
189,0.0000,17.9640,56.0670,22.2450,3.3770,0.3150,0.0290,0.0030
190,0.0000,17.7120,55.9570,22.4940,3.4380,0.3700,0.0270,0.0020
191,0.0000,17.2040,56.0470,22.6620,3.6920,0.3650,0.0290,0.0010
192,0.0000,17.0200,55.7850,23.0310,3.7320,0.3990,0.0310,0.0020
193,0.0000,16.6660,55.6030,23.5260,3.7440,0.4280,0.0300,0.0030
194,0.0000,16.3540,55.5160,23.6900,3.9690,0.4320,0.0370,0.0020
195,0.0000,15.9450,55.3750,24.1360,4.0420,0.4560,0.0430,0.0030
196,0.0000,16.0740,54.9030,24.3900,4.1300,0.4600,0.0400,0.0030
197,0.0000,15.7060,54.9320,24.6250,4.2500,0.4530,0.0320,0.0020
198,0.0000,15.4970,54.5090,25.1020,4.3690,0.4710,0.0460,0.0060
199,0.0000,15.3300,54.4660,25.2230,4.4430,0.4860,0.0510,0.0010
200,0.0000,15.2750,54.1360,25.4710,4.5900,0.4830,0.0430,0.0020
201,0.0000,15.0860,53.7670,25.7720,4.7890,0.5410,0.0440,0.0010
202,0.0000,14.6370,53.7840,26.1620,4.8350,0.5430,0.0370,0.0020
203,0.0000,14.5250,53.6630,26.1990,4.9450,0.6120,0.0460,0.0100
204,0.0000,14.2900,53.1640,26.7470,5.1060,0.6290,0.0610,0.0030
205,0.0000,14.0190,53.0960,26.9610,5.2670,0.5960,0.0600,0.0010
206,0.0000,13.8820,52.6530,27.2870,5.4410,0.6770,0.0550,0.0050
207,0.0000,13.7290,52.7540,27.2200,5.5310,0.7000,0.0580,0.0080
208,0.0000,13.4470,52.1780,27.7810,5.8070,0.7170,0.0640,0.0060
209,0.0000,13.2080,52.1840,27.9610,5.8580,0.7120,0.0700,0.0070
210,0.0000,13.1310,51.9080,28.2710,5.8960,0.7370,0.0520,0.0050
211,0.0000,12.9810,51.3930,28.5740,6.1620,0.7980,0.0870,0.0050
212,0.0000,12.7420,51.3630,28.7700,6.2930,0.7580,0.0690,0.0050
213,0.0000,12.3520,51.2490,28.9660,6.5520,0.8020,0.0730,0.0060
214,0.0000,12.3740,50.8160,29.2370,6.6340,0.8490,0.0890,0.0010
215,0.0000,12.2290,50.6640,29.4690,6.6830,0.8780,0.0710,0.0060
216,0.0000,11.9640,50.5100,29.6780,6.8750,0.8790,0.0880,0.0060
217,0.0000,11.6520,50.5300,29.8420,6.9330,0.9330,0.0960,0.0140
218,0.0000,11.7080,49.5630,30.2730,7.3810,0.9820,0.0850,0.0080
219,0.0000,11.3630,49.9280,30.3400,7.2750,0.9880,0.0970,0.0090
220,0.0000,11.2340,49.1490,31.0330,7.5010,0.9650,0.1060,0.0120
221,0.0000,11.0820,49.3400,30.8590,7.5480,1.0810,0.0850,0.0050
222,0.0000,10.8750,48.9390,31.2270,7.7390,1.1130,0.1040,0.0030
223,0.0000,10.7670,48.7480,31.3090,7.9220,1.1420,0.1030,0.0090
224,0.0000,10.5110,48.6560,31.4060,8.1350,1.1320,0.1440,0.0160
225,0.0000,10.4670,48.2790,31.6000,8.3070,1.2130,0.1160,0.0180
226,0.0000,10.3320,47.6030,32.2300,8.4310,1.2760,0.1160,0.0120
227,0.0000,10.1150,47.6890,32.3430,8.5450,1.1750,0.1220,0.0110
228,0.0000,10.0270,47.2760,32.5150,8.7240,1.3030,0.1400,0.0150
229,0.0000,9.7300,47.5950,32.3290,8.8790,1.3020,0.1550,0.0100
230,0.0000,9.5860,47.0110,32.8310,9.0240,1.3800,0.1560,0.0120
231,0.0000,9.5100,46.5110,33.0260,9.3230,1.4450,0.1610,0.0240
232,0.0000,9.4680,46.3170,33.1530,9.4240,1.4640,0.1560,0.0180
233,0.0000,9.2940,46.1820,33.3980,9.4180,1.5470,0.1500,0.0110
234,0.0000,8.9800,45.8870,33.8170,9.6470,1.5040,0.1450,0.0200
235,0.0000,8.7210,45.6200,34.0170,9.8400,1.5820,0.1980,0.0220
236,0.0000,8.6480,45.2770,34.2040,10.0170,1.6570,0.1800,0.0170
237,0.0000,8.2840,45.1850,34.4430,10.2080,1.6770,0.1780,0.0250
238,0.0000,8.4080,44.8090,34.5460,10.3500,1.6900,0.1780,0.0190
239,0.0000,8.2150,44.5050,34.8550,10.4430,1.7390,0.2230,0.0200
240,0.0000,8.1650,43.9990,35.1630,10.6510,1.7890,0.2120,0.0210
241,0.0000,7.8080,43.9400,35.2790,10.8610,1.8520,0.2310,0.0290
242,0.0000,7.4780,44.0580,35.2860,11.0180,1.9050,0.2290,0.0260
243,0.0000,7.5440,43.4830,35.5510,11.2000,1.9550,0.2480,0.0190
244,0.0000,7.3970,43.0950,35.9160,11.3740,1.9680,0.2210,0.0290
245,0.0000,7.0740,42.9240,35.9460,11.8010,1.9840,0.2470,0.0240
246,0.0000,6.8920,42.3860,36.5270,11.8040,2.1190,0.2380,0.0340
247,0.0000,6.8910,42.2660,36.5020,11.9450,2.1010,0.2640,0.0310
248,0.0000,6.7720,41.7560,36.7090,12.2570,2.1990,0.2750,0.0320
249,0.0000,6.4010,41.5570,37.0860,12.4480,2.2190,0.2650,0.0240
250,0.0000,6.1750,41.2070,37.3060,12.7070,2.2930,0.2850,0.0270
251,0.0000,6.0730,40.9950,37.3590,12.8720,2.3800,0.2950,0.0260
252,0.0000,5.6090,40.3210,38.0860,13.1910,2.4610,0.3070,0.0250
253,0.0000,5.3860,39.9850,38.5500,13.2640,2.4610,0.3210,0.0330
254,0.0000,4.8270,39.6630,39.0140,13.6420,2.5150,0.3010,0.0380
255,0.0000,4.4850,38.9730,39.6650,13.8600,2.6170,0.3600,0.0400
256,0.0000,3.9380,38.5160,40.3000,14.2390,2.6600,0.3210,0.0260
257,0.0000,3.3340,37.9250,40.9670,14.5640,2.8000,0.3760,0.0340
258,0.0000,2.8750,37.4260,41.5890,14.9090,2.7760,0.3810,0.0440
259,0.0000,2.4230,36.6370,42.4480,15.3010,2.7730,0.3810,0.0370
260,0.0000,1.9900,36.0000,43.0980,15.4550,3.0100,0.4020,0.0450
261,0.0000,1.4770,35.5780,43.3400,16.0070,3.1380,0.4180,0.0420
262,0.0000,1.1700,35.0620,43.9830,16.1270,3.1870,0.4250,0.0460
263,0.0000,0.8650,34.6700,44.2780,16.4980,3.2080,0.4290,0.0520
264,0.0000,0.6260,34.2300,44.5950,16.7320,3.2890,0.4690,0.0590
265,0.0000,0.4450,33.8080,44.7420,17.1950,3.2800,0.4710,0.0590
266,0.0000,0.3200,33.3440,45.0230,17.3090,3.4730,0.4690,0.0620
267,0.0000,0.1950,32.7320,45.2580,17.7140,3.5420,0.5060,0.0530
268,0.0000,0.1270,32.2750,45.5260,17.8620,3.6470,0.5040,0.0590
269,0.0000,0.0740,32.0490,45.0820,18.4490,3.7530,0.5250,0.0680
270,0.0000,0.0620,31.9110,45.0550,18.5000,3.8850,0.5270,0.0600
271,0.0000,0.0500,31.2120,45.4780,18.8900,3.7860,0.5110,0.0730
272,0.0000,0.0210,30.7170,45.3070,19.2580,4.0800,0.5360,0.0810
273,0.0000,0.0140,30.1440,45.3990,19.6210,4.1850,0.5750,0.0620
274,0.0000,0.0050,29.9590,45.2700,19.7880,4.2950,0.6170,0.0660
275,0.0000,0.0020,29.1910,45.9010,19.9900,4.2520,0.5910,0.0730
276,0.0000,0.0030,29.3350,45.3210,20.3140,4.3260,0.6250,0.0760
277,0.0000,0.0000,28.7440,45.4130,20.6290,4.4910,0.6440,0.0790
278,0.0000,0.0020,28.4010,45.3630,20.7950,4.6650,0.6890,0.0850
279,0.0000,0.0000,28.1850,45.2470,21.0660,4.7260,0.7010,0.0750
280,0.0000,0.0000,27.9690,45.0440,21.3820,4.8150,0.7180,0.0720
281,0.0000,0.0000,27.5380,45.1560,21.4730,4.9580,0.8030,0.0720
282,0.0000,0.0000,27.4470,45.2160,21.4910,5.0090,0.7550,0.0820
283,0.0000,0.0000,26.8290,45.1330,21.8770,5.2360,0.8160,0.1090
284,0.0000,0.0000,26.6290,45.1670,22.0730,5.2380,0.7810,0.1120
285,0.0000,0.0000,26.1940,45.1320,22.4360,5.3150,0.8260,0.0970
286,0.0000,0.0000,25.8770,45.0310,22.5780,5.5360,0.8700,0.1080
287,0.0000,0.0000,25.4840,45.0090,22.8270,5.7160,0.8510,0.1130
288,0.0000,0.0000,25.2110,44.7380,23.2500,5.8110,0.8690,0.1210
289,0.0000,0.0000,25.0540,44.9760,23.1200,5.7970,0.9430,0.1100
290,0.0000,0.0000,24.3260,45.2030,23.4920,5.9030,0.9520,0.1240
291,0.0000,0.0000,23.9720,44.9890,23.6570,6.2210,1.0270,0.1340
292,0.0000,0.0000,23.6060,44.6140,24.3920,6.2750,0.9950,0.1180
293,0.0000,0.0000,23.3870,44.8160,24.2540,6.3640,1.0320,0.1470
294,0.0000,0.0000,23.0380,44.4890,24.7480,6.4830,1.0760,0.1660
295,0.0000,0.0000,23.0180,44.2870,24.7890,6.5660,1.1610,0.1790
296,0.0000,0.0000,22.4090,44.5160,25.1220,6.6960,1.1020,0.1550
297,0.0000,0.0000,22.0800,44.0970,25.4450,7.0200,1.1990,0.1590
298,0.0000,0.0000,22.1230,44.1320,25.4350,6.9580,1.2020,0.1500
299,0.0000,0.0000,21.6850,44.0880,25.6810,7.1140,1.2620,0.1700
300,0.0000,0.0000,21.5600,43.8360,25.7900,7.3710,1.2590,0.1840
301,0.0000,0.0000,21.0630,44.0240,26.0630,7.3510,1.3280,0.1710
302,0.0000,0.0000,20.8200,43.5990,26.5600,7.5440,1.2830,0.1940
303,0.0000,0.0000,20.4550,43.9670,26.4680,7.6140,1.3090,0.1870
304,0.0000,0.0000,20.3080,43.4810,26.7860,7.8550,1.3860,0.1840
305,0.0000,0.0000,20.0300,43.4050,27.0550,7.9060,1.4030,0.2010
306,0.0000,0.0000,19.8030,43.1690,27.3920,7.9850,1.4290,0.2220
307,0.0000,0.0000,19.5650,43.1280,27.4490,8.1520,1.4750,0.2310
308,0.0000,0.0000,19.0620,43.0070,27.7170,8.4060,1.5740,0.2340
309,0.0000,0.0000,19.0510,43.0400,27.7640,8.4160,1.5050,0.2240
310,0.0000,0.0000,18.6150,43.0340,28.0170,8.4950,1.6040,0.2350
311,0.0000,0.0000,18.3200,42.8990,28.2920,8.6340,1.6320,0.2230
312,0.0000,0.0000,17.9910,42.7410,28.3480,8.9540,1.7340,0.2320
313,0.0000,0.0000,17.6750,42.6420,28.5840,9.0860,1.7520,0.2610
314,0.0000,0.0000,17.3090,42.4690,29.0250,9.1840,1.7370,0.2760
315,0.0000,0.0000,17.0790,42.3780,29.0710,9.4430,1.7720,0.2570
316,0.0000,0.0000,16.8690,42.4260,29.2240,9.3470,1.8320,0.3020
317,0.0000,0.0000,16.9280,41.9370,29.3380,9.6500,1.8700,0.2770
318,0.0000,0.0000,16.3620,41.7200,29.7410,9.9920,1.8890,0.2960
319,0.0000,0.0000,16.0990,41.6930,29.8060,10.0740,2.0150,0.3130
320,0.0000,0.0000,15.7650,41.6090,30.1250,10.1260,2.0270,0.3480
321,0.0000,0.0000,15.5260,41.4120,30.3330,10.2870,2.1130,0.3290
322,0.0000,0.0000,15.4370,41.0820,30.5560,10.4140,2.1670,0.3440
323,0.0000,0.0000,15.0960,40.8410,30.9320,10.5480,2.2260,0.3570
324,0.0000,0.0000,15.1440,40.8360,30.6790,10.7270,2.2350,0.3790
325,0.0000,0.0000,14.3400,40.9540,30.9030,11.0000,2.4070,0.3960
326,0.0000,0.0000,14.1680,40.7000,31.2520,11.0680,2.4420,0.3700
327,0.0000,0.0000,13.7710,40.4250,31.8680,11.2460,2.3120,0.3780
328,0.0000,0.0000,13.4310,40.4210,31.9580,11.3050,2.4630,0.4220
329,0.0000,0.0000,13.1350,40.5320,31.8770,11.5650,2.4680,0.4230
330,0.0000,0.0000,12.7130,40.1240,32.2430,11.8400,2.6180,0.4620
331,0.0000,0.0000,11.9230,40.3630,32.8990,11.7950,2.5800,0.4400
332,0.0000,0.0000,11.8140,39.8580,33.1350,12.0810,2.6710,0.4410
333,0.0000,0.0000,11.1310,40.0210,33.5990,12.1320,2.6290,0.4880
334,0.0000,0.0000,10.5360,39.5870,33.9380,12.6450,2.7870,0.5070
335,0.0000,0.0000,10.1520,39.4940,34.3230,12.7090,2.8670,0.4550
336,0.0000,0.0000,9.5420,39.5020,34.7160,12.8810,2.8660,0.4930
337,0.0000,0.0000,8.8520,39.7270,34.5720,13.2810,3.0100,0.5580
338,0.0000,0.0000,8.4300,39.3450,35.0610,13.5640,3.0490,0.5510
339,0.0000,0.0000,7.9420,39.2660,35.4150,13.7310,3.0900,0.5560
340,0.0000,0.0000,7.6830,38.9030,35.5820,13.9870,3.2400,0.6050
341,0.0000,0.0000,7.0480,38.5750,36.3520,14.2980,3.1650,0.5620
342,0.0000,0.0000,6.9010,38.3240,36.4700,14.3710,3.3370,0.5970
343,0.0000,0.0000,6.4730,38.2320,36.5960,14.6460,3.4660,0.5870
344,0.0000,0.0000,6.3840,37.7540,36.8980,14.8140,3.4940,0.6560
345,0.0000,0.0000,6.0980,37.8990,36.7420,15.1310,3.4950,0.6350
346,0.0000,0.0000,5.8590,37.2610,37.3110,15.2050,3.6750,0.6890
347,0.0000,0.0000,5.6710,37.1060,37.3290,15.4910,3.7200,0.6830
348,0.0000,0.0000,5.4850,36.6820,37.5650,15.8190,3.7350,0.7140
349,0.0000,0.0000,5.3090,36.5550,37.7440,15.8520,3.8220,0.7180
350,0.0000,0.0000,5.2690,36.2420,37.7300,16.0580,3.8980,0.8030
351,0.0000,0.0000,5.2770,35.8620,37.9090,16.2880,3.8960,0.7680
352,0.0000,0.0000,5.0480,35.6340,37.8850,16.5020,4.1210,0.8100
353,0.0000,0.0000,4.8620,35.2170,38.2070,16.7110,4.2120,0.7910
354,0.0000,0.0000,4.7900,34.8870,38.0810,17.1210,4.3040,0.8170
355,0.0000,0.0000,4.6320,34.4120,38.4840,17.3160,4.2810,0.8750
356,0.0000,0.0000,4.6930,34.2170,38.2510,17.5260,4.4010,0.9120
357,0.0000,0.0000,4.7630,33.7790,38.5350,17.5510,4.4490,0.9230
358,0.0000,0.0000,4.5570,33.8720,38.3210,17.6730,4.6750,0.9020
359,0.0000,0.0000,4.4550,33.1450,38.5340,18.0600,4.8410,0.9650
360,0.0000,0.0000,4.2980,32.8680,38.7900,18.1410,4.9030,1.0000
361,0.0000,0.0000,4.2680,32.5910,38.9540,18.3080,4.9030,0.9760
362,0.0000,0.0000,4.2320,32.4030,38.5540,18.6700,5.1220,1.0190
363,0.0000,0.0000,4.1000,32.2160,38.8610,18.6640,5.0900,1.0690
364,0.0000,0.0000,3.9620,31.5340,38.9580,19.2440,5.1280,1.1740
365,0.0000,0.0000,3.8720,31.4920,38.9140,19.3370,5.2490,1.1360
366,0.0000,0.0000,3.7550,31.2600,38.9580,19.5680,5.2700,1.1890
367,0.0000,0.0000,3.7200,30.9900,38.8690,19.7190,5.4890,1.2130
368,0.0000,0.0000,3.6990,30.3560,38.9610,20.1480,5.6330,1.2030
369,0.0000,0.0000,3.6270,30.1490,39.0220,20.2790,5.7000,1.2230
370,0.0000,0.0000,3.5430,29.7000,39.2530,20.5820,5.6580,1.2640
371,0.0000,0.0000,3.3640,29.5580,39.3230,20.6000,5.8570,1.2980
372,0.0000,0.0000,3.3180,29.5490,39.2260,20.6630,5.9180,1.3260
373,0.0000,0.0000,3.2850,28.9750,39.1690,21.0030,6.1940,1.3740
374,0.0000,0.0000,3.2180,28.8200,38.8270,21.3390,6.4120,1.3840
375,0.0000,0.0000,3.0930,28.4850,39.3880,21.3290,6.3050,1.4000
376,0.0000,0.0000,3.0520,27.9750,39.3300,21.7660,6.3940,1.4830
377,0.0000,0.0000,3.0320,27.8610,39.2760,21.8910,6.4000,1.5400
378,0.0000,0.0000,2.9340,27.5930,39.4800,21.7240,6.7290,1.5400
379,0.0000,0.0000,2.8640,27.0180,39.1400,22.4240,6.9560,1.5980
380,0.0000,0.0000,2.8700,27.0120,39.1910,22.4390,6.8740,1.6140
381,0.0000,0.0000,2.7980,26.5510,39.4140,22.4720,7.0900,1.6750
382,0.0000,0.0000,2.6810,26.0240,39.3180,22.9250,7.2750,1.7770
383,0.0000,0.0000,2.7250,26.0330,39.1720,23.0370,7.3290,1.7040
384,0.0000,0.0000,2.5760,25.4090,39.5030,23.2220,7.4640,1.8260
385,0.0000,0.0000,2.4810,25.6480,39.4260,23.1870,7.4370,1.8210
386,0.0000,0.0000,2.4870,25.1770,39.3410,23.5300,7.6570,1.8080
387,0.0000,0.0000,2.3740,25.1210,39.2560,23.5100,7.7980,1.9410
388,0.0000,0.0000,2.2290,24.7990,39.2810,23.9320,7.8930,1.8660
389,0.0000,0.0000,2.2830,24.4230,38.8270,24.4540,7.9500,2.0630
390,0.0000,0.0000,2.1900,24.2150,39.2080,24.0590,8.2290,2.0990
391,0.0000,0.0000,2.1090,23.8320,39.2610,24.5170,8.1890,2.0920
392,0.0000,0.0000,2.0990,23.7180,39.1560,24.6460,8.1930,2.1880
393,0.0000,0.0000,2.1060,23.4000,38.8970,24.8510,8.5620,2.1840
394,0.0000,0.0000,1.9640,23.1160,38.8610,25.2540,8.5820,2.2230
395,0.0000,0.0000,1.9810,22.8160,38.9120,25.3140,8.6110,2.3660
396,0.0000,0.0000,1.9630,22.3090,38.6760,25.6430,8.9560,2.4530
397,0.0000,0.0000,1.8610,22.1880,38.5960,25.8160,9.1290,2.4100
398,0.0000,0.0000,1.7950,21.9070,38.9700,25.7680,9.1100,2.4500
399,0.0000,0.0000,1.7040,21.9910,38.5090,26.0600,9.2980,2.4380
400,0.0000,0.0000,1.6140,21.5620,38.5220,26.2880,9.4100,2.6040
401,0.0000,0.0000,1.6120,21.0410,39.0240,26.2200,9.5030,2.6000
402,0.0000,0.0000,1.5640,20.7780,38.3920,26.5160,10.0080,2.7420
403,0.0000,0.0000,1.5100,20.5990,38.6000,26.7790,9.7680,2.7440
404,0.0000,0.0000,1.3860,20.2560,38.8710,26.7970,9.7980,2.8920
405,0.0000,0.0000,1.4160,19.9070,38.4650,27.0400,10.2510,2.9210
406,0.0000,0.0000,1.3260,19.7340,38.4520,27.1790,10.3540,2.9550
407,0.0000,0.0000,1.1890,19.6500,38.4750,27.4390,10.3080,2.9390
408,0.0000,0.0000,1.1520,19.1440,38.2810,27.7090,10.6270,3.0870
409,0.0000,0.0000,1.0780,18.5980,38.1710,28.2590,10.7430,3.1510
410,0.0000,0.0000,1.0110,18.2470,38.2890,28.2330,11.0470,3.1730
411,0.0000,0.0000,0.8580,17.9080,38.3460,28.6700,11.0060,3.2120
412,0.0000,0.0000,0.7870,17.5430,38.3080,28.8960,11.1390,3.3270
413,0.0000,0.0000,0.6700,17.0160,38.4960,29.1790,11.2890,3.3500
414,0.0000,0.0000,0.6130,16.7140,38.2280,29.4030,11.5790,3.4630
415,0.0000,0.0000,0.4600,16.4680,38.4430,29.4020,11.6050,3.6220
416,0.0000,0.0000,0.4350,16.1410,38.1080,29.7830,11.9420,3.5910
417,0.0000,0.0000,0.3630,15.5080,38.2680,30.0310,12.1240,3.7060
418,0.0000,0.0000,0.2860,15.3300,37.8160,30.6620,12.2160,3.6900
419,0.0000,0.0000,0.2320,14.9610,38.2160,30.5360,12.2450,3.8100
420,0.0000,0.0000,0.1450,14.5030,38.0040,30.7940,12.6260,3.9280
421,0.0000,0.0000,0.1330,14.3000,38.0370,30.7310,12.7700,4.0290
422,0.0000,0.0000,0.0960,13.9390,37.8240,31.0620,12.9460,4.1330
423,0.0000,0.0000,0.0870,13.9080,37.4100,31.3400,13.0900,4.1650
424,0.0000,0.0000,0.0580,13.4250,37.4890,31.5680,13.1570,4.3030
425,0.0000,0.0000,0.0420,13.2320,37.0340,31.7740,13.5360,4.3820
426,0.0000,0.0000,0.0240,13.1370,37.2000,31.7820,13.4350,4.4220
427,0.0000,0.0000,0.0150,12.9220,36.6900,32.0990,13.6640,4.6100
428,0.0000,0.0000,0.0200,12.6010,36.6750,32.0700,14.0830,4.5510
429,0.0000,0.0000,0.0100,12.2450,36.4630,32.4230,14.1970,4.6620
430,0.0000,0.0000,0.0060,12.2290,36.1840,32.2760,14.3390,4.9660
431,0.0000,0.0000,0.0010,12.1170,36.0520,32.4990,14.4970,4.8340
432,0.0000,0.0000,0.0040,11.7800,35.8280,32.8010,14.6270,4.9600
433,0.0000,0.0000,0.0030,11.6480,35.7740,32.5650,14.8780,5.1320
434,0.0000,0.0000,0.0000,11.4870,35.4020,32.8000,15.1090,5.2020
435,0.0000,0.0000,0.0000,11.2460,35.1340,33.1230,15.1600,5.3370
436,0.0000,0.0000,0.0000,10.9050,34.8160,33.3710,15.4790,5.4290
437,0.0000,0.0000,0.0000,10.7590,34.7920,33.5000,15.6030,5.3460
438,0.0000,0.0000,0.0000,10.5970,34.7760,33.4350,15.7340,5.4580
439,0.0000,0.0000,0.0000,10.2610,34.3700,33.7710,15.8610,5.7370
440,0.0000,0.0000,0.0000,10.2750,34.1520,33.4750,16.2340,5.8640
441,0.0000,0.0000,0.0000,10.1560,33.9820,33.5280,16.3960,5.9380
442,0.0000,0.0000,0.0000,10.0540,33.9380,33.7010,16.4290,5.8780
443,0.0000,0.0000,0.0000,9.6520,33.5740,33.9020,16.7700,6.1020
444,0.0000,0.0000,0.0000,9.3930,33.4740,34.1560,16.6570,6.3200
445,0.0000,0.0000,0.0000,9.3690,33.0000,34.3430,16.8790,6.4090
446,0.0000,0.0000,0.0000,9.3050,32.9700,33.9910,17.2650,6.4690
447,0.0000,0.0000,0.0000,9.2160,32.6080,34.4560,17.1490,6.5710
448,0.0000,0.0000,0.0000,8.9600,32.2910,34.4300,17.5540,6.7650
449,0.0000,0.0000,0.0000,8.6620,32.1600,34.7050,17.6220,6.8510
450,0.0000,0.0000,0.0000,8.5860,32.0150,34.4090,17.9010,7.0890
451,0.0000,0.0000,0.0000,8.4840,31.9720,34.4190,17.8980,7.2270
452,0.0000,0.0000,0.0000,8.3400,31.9080,34.6400,17.9120,7.2000
453,0.0000,0.0000,0.0000,8.0740,31.3590,34.6660,18.5310,7.3700
454,0.0000,0.0000,0.0000,8.0150,30.9930,35.0200,18.3980,7.5740
455,0.0000,0.0000,0.0000,7.8160,31.0000,34.8280,18.6600,7.6960
456,0.0000,0.0000,0.0000,7.6140,30.5690,35.0570,18.9670,7.7930
457,0.0000,0.0000,0.0000,7.5180,30.4540,35.0140,19.1000,7.9140
458,0.0000,0.0000,0.0000,7.4530,29.8480,35.3210,19.4040,7.9740
459,0.0000,0.0000,0.0000,7.2930,29.9820,35.0090,19.5810,8.1350
460,0.0000,0.0000,0.0000,7.1440,29.8100,35.2430,19.6130,8.1900
461,0.0000,0.0000,0.0000,7.0880,29.7230,34.9620,19.7370,8.4900
462,0.0000,0.0000,0.0000,6.8920,29.0770,35.4740,20.1430,8.4140
463,0.0000,0.0000,0.0000,6.8750,28.8580,35.2200,20.1970,8.8500
464,0.0000,0.0000,0.0000,6.6300,28.5900,35.2830,20.5420,8.9550
465,0.0000,0.0000,0.0000,6.6150,28.4890,35.3940,20.5200,8.9820
466,0.0000,0.0000,0.0000,6.3750,28.3640,35.4980,20.5890,9.1740
467,0.0000,0.0000,0.0000,6.1990,28.1740,35.4660,20.7830,9.3780
468,0.0000,0.0000,0.0000,6.2160,27.8970,35.5820,20.8380,9.4670
469,0.0000,0.0000,0.0000,5.9020,27.6820,35.6830,21.1110,9.6220
470,0.0000,0.0000,0.0000,5.7900,27.5960,35.5810,21.2810,9.7520
471,0.0000,0.0000,0.0000,5.6810,27.0470,35.4610,21.7260,10.0850
472,0.0000,0.0000,0.0000,5.6050,27.0010,35.4910,21.7510,10.1520
473,0.0000,0.0000,0.0000,5.5010,26.7280,35.5650,21.9580,10.2480
474,0.0000,0.0000,0.0000,5.2920,26.6520,35.6550,22.0130,10.3880
475,0.0000,0.0000,0.0000,5.2870,26.2150,35.8240,22.1640,10.5100
476,0.0000,0.0000,0.0000,5.0040,26.1230,35.6000,22.5500,10.7230
477,0.0000,0.0000,0.0000,4.8730,25.8000,35.7000,22.6390,10.9880
478,0.0000,0.0000,0.0000,4.8330,25.7460,35.7070,22.6800,11.0340
479,0.0000,0.0000,0.0000,4.7140,25.3140,35.7570,23.0580,11.1570
480,0.0000,0.0000,0.0000,4.7050,25.2010,35.7680,23.0680,11.2580
481,0.0000,0.0000,0.0000,4.5370,24.8070,35.4470,23.4230,11.7860
482,0.0000,0.0000,0.0000,4.3380,24.7570,35.8160,23.2900,11.7990
483,0.0000,0.0000,0.0000,4.1710,24.3900,35.9750,23.6750,11.7890
484,0.0000,0.0000,0.0000,4.1250,24.1210,36.0070,23.6970,12.0500
485,0.0000,0.0000,0.0000,4.0280,24.2010,35.5930,23.9720,12.2060
486,0.0000,0.0000,0.0000,3.8080,23.6870,35.6010,24.2410,12.6630
487,0.0000,0.0000,0.0000,3.7000,23.4200,35.8160,24.3410,12.7230
488,0.0000,0.0000,0.0000,3.5450,23.1060,35.8560,24.6460,12.8470
489,0.0000,0.0000,0.0000,3.3560,23.1530,36.1620,24.4870,12.8420
490,0.0000,0.0000,0.0000,3.2510,22.6270,36.1080,24.8060,13.2080
491,0.0000,0.0000,0.0000,3.0130,22.4340,35.9520,25.1730,13.4280
492,0.0000,0.0000,0.0000,2.9110,22.2040,35.9720,25.3130,13.6000
493,0.0000,0.0000,0.0000,2.7090,21.9450,35.9200,25.5490,13.8770
494,0.0000,0.0000,0.0000,2.6030,21.6930,35.8790,25.7360,14.0890
495,0.0000,0.0000,0.0000,2.4100,21.3120,36.0760,25.8780,14.3240
496,0.0000,0.0000,0.0000,2.3690,21.0200,35.9060,26.2580,14.4470
497,0.0000,0.0000,0.0000,2.2080,20.8540,35.9770,26.1340,14.8270
498,0.0000,0.0000,0.0000,2.1460,20.5610,35.9310,26.5390,14.8230
499,0.0000,0.0000,0.0000,1.9890,20.3600,35.8450,26.8150,14.9910
500,0.0000,0.0000,0.0000,1.9330,20.0900,35.9060,26.8460,15.2250
501,0.0000,0.0000,0.0000,1.8960,19.7510,35.8580,26.8750,15.6200
502,0.0000,0.0000,0.0000,1.7670,19.5850,35.7200,27.0790,15.8490
503,0.0000,0.0000,0.0000,1.7450,19.3040,35.5400,27.2840,16.1270
504,0.0000,0.0000,0.0000,1.6470,19.1510,35.6990,27.3500,16.1530
505,0.0000,0.0000,0.0000,1.6290,18.6650,35.5700,27.8020,16.3340
506,0.0000,0.0000,0.0000,1.6220,18.4170,35.4320,27.8360,16.6930
507,0.0000,0.0000,0.0000,1.4970,18.1630,35.5200,27.8470,16.9730
508,0.0000,0.0000,0.0000,1.4470,18.0570,35.1370,28.2460,17.1130
509,0.0000,0.0000,0.0000,1.4400,17.9930,35.0230,28.2960,17.2480
510,0.0000,0.0000,0.0000,1.4460,17.9630,34.9800,28.2530,17.3580
511,0.0000,0.0000,0.0000,1.4350,17.5230,34.9230,28.4640,17.6550
512,0.0000,0.0000,0.0000,1.3690,17.0480,34.8260,28.9360,17.8210
513,0.0000,0.0000,0.0000,1.3250,16.9440,34.5530,28.9020,18.2760
514,0.0000,0.0000,0.0000,1.3700,16.7650,34.5370,28.7410,18.5870
515,0.0000,0.0000,0.0000,1.3060,16.3640,34.6030,28.9000,18.8270
516,0.0000,0.0000,0.0000,1.2530,16.2260,34.1810,29.2610,19.0790
517,0.0000,0.0000,0.0000,1.1800,16.1790,33.8030,29.4110,19.4270
518,0.0000,0.0000,0.0000,1.1900,15.8170,33.8280,29.4550,19.7100
519,0.0000,0.0000,0.0000,1.1480,15.4820,33.9020,29.6730,19.7950
520,0.0000,0.0000,0.0000,1.1040,15.2690,34.0130,29.8430,19.7710
521,0.0000,0.0000,0.0000,1.0900,15.1560,33.7420,29.5530,20.4590
522,0.0000,0.0000,0.0000,1.0350,14.9210,33.2230,30.0970,20.7240
523,0.0000,0.0000,0.0000,1.0400,14.6480,33.3630,29.9660,20.9830
524,0.0000,0.0000,0.0000,1.0060,14.5400,33.3390,30.1480,20.9670
525,0.0000,0.0000,0.0000,0.9920,14.5320,33.1530,30.1800,21.1430
526,0.0000,0.0000,0.0000,0.9320,14.0820,33.1650,30.3450,21.4760
527,0.0000,0.0000,0.0000,0.8980,14.1340,32.6990,30.3370,21.9320
528,0.0000,0.0000,0.0000,0.9230,13.7290,32.7540,30.6810,21.9130
529,0.0000,0.0000,0.0000,0.8390,13.4050,32.5620,30.7190,22.4750
530,0.0000,0.0000,0.0000,0.8250,13.4530,32.2670,30.7640,22.6910
531,0.0000,0.0000,0.0000,0.8180,13.2370,32.3490,30.7820,22.8140
532,0.0000,0.0000,0.0000,0.8310,12.8000,31.8230,31.2290,23.3170
533,0.0000,0.0000,0.0000,0.8080,12.8350,31.7970,31.0610,23.4990
534,0.0000,0.0000,0.0000,0.7750,12.5870,31.8840,31.1760,23.5780
535,0.0000,0.0000,0.0000,0.7400,12.6870,31.6620,30.9680,23.9430
536,0.0000,0.0000,0.0000,0.7730,12.0770,31.5490,31.2800,24.3210
537,0.0000,0.0000,0.0000,0.6740,12.0950,31.0330,31.6810,24.5170
538,0.0000,0.0000,0.0000,0.6640,11.8550,31.1090,31.4400,24.9320
539,0.0000,0.0000,0.0000,0.6310,11.5980,31.1400,31.4860,25.1450
540,0.0000,0.0000,0.0000,0.6470,11.6240,30.6220,31.5660,25.5410
541,0.0000,0.0000,0.0000,0.5920,11.3850,30.6970,31.8570,25.4690
542,0.0000,0.0000,0.0000,0.5760,11.1490,30.5260,32.1230,25.6260
543,0.0000,0.0000,0.0000,0.6020,10.8860,30.2140,32.1110,26.1870
544,0.0000,0.0000,0.0000,0.5340,10.7530,30.0790,31.9220,26.7120
545,0.0000,0.0000,0.0000,0.6070,10.6630,30.1760,31.5840,26.9700
546,0.0000,0.0000,0.0000,0.5090,10.5080,29.6730,32.2060,27.1040
547,0.0000,0.0000,0.0000,0.5170,10.3060,29.4010,32.2780,27.4980
548,0.0000,0.0000,0.0000,0.5140,9.9700,29.4000,32.3170,27.7990
549,0.0000,0.0000,0.0000,0.4860,10.1650,29.0450,32.1820,28.1220
550,0.0000,0.0000,0.0000,0.5060,9.7460,29.3210,32.2110,28.2160
551,0.0000,0.0000,0.0000,0.4670,9.5760,28.9530,32.4790,28.5250
552,0.0000,0.0000,0.0000,0.4250,9.3970,28.8600,32.4270,28.8910
553,0.0000,0.0000,0.0000,0.4380,9.2680,28.5940,32.3500,29.3500
554,0.0000,0.0000,0.0000,0.4220,9.2780,28.5720,32.4340,29.2940
555,0.0000,0.0000,0.0000,0.3690,9.1830,28.3390,32.5360,29.5730
556,0.0000,0.0000,0.0000,0.4180,8.9160,28.0710,32.6140,29.9810
557,0.0000,0.0000,0.0000,0.3520,8.7470,27.7750,32.5570,30.5690
558,0.0000,0.0000,0.0000,0.3600,8.5360,27.4610,32.6890,30.9540
559,0.0000,0.0000,0.0000,0.3160,8.2850,27.4830,32.8990,31.0170
560,0.0000,0.0000,0.0000,0.3080,8.2360,27.0620,32.9270,31.4670
561,0.0000,0.0000,0.0000,0.2900,8.0600,27.1840,32.7910,31.6750
562,0.0000,0.0000,0.0000,0.2830,7.8100,26.9240,33.0850,31.8980
563,0.0000,0.0000,0.0000,0.2500,7.6680,26.5850,33.1930,32.3040
564,0.0000,0.0000,0.0000,0.2130,7.4690,26.7730,33.1870,32.3580
565,0.0000,0.0000,0.0000,0.1980,7.2530,26.4090,32.9990,33.1410
566,0.0000,0.0000,0.0000,0.1960,7.2610,26.0790,33.1120,33.3520
567,0.0000,0.0000,0.0000,0.1700,6.8950,25.8880,33.3790,33.6680
568,0.0000,0.0000,0.0000,0.1930,6.8010,25.7050,33.5450,33.7560
569,0.0000,0.0000,0.0000,0.1470,6.7630,25.4870,33.3600,34.2430
570,0.0000,0.0000,0.0000,0.1360,6.5910,25.6710,33.5080,34.0940
571,0.0000,0.0000,0.0000,0.1140,6.3360,25.0370,33.4590,35.0540
572,0.0000,0.0000,0.0000,0.1200,6.1960,24.8980,33.3330,35.4530
573,0.0000,0.0000,0.0000,0.0850,5.9800,25.0610,33.2950,35.5790
574,0.0000,0.0000,0.0000,0.0540,5.8180,24.5670,33.4380,36.1230
575,0.0000,0.0000,0.0000,0.0590,5.7430,24.6410,33.3240,36.2330
576,0.0000,0.0000,0.0000,0.0470,5.6290,24.6960,33.1170,36.5110
577,0.0000,0.0000,0.0000,0.0380,5.5290,24.1960,33.4000,36.8370
578,0.0000,0.0000,0.0000,0.0310,5.3320,23.8910,33.5440,37.2020
579,0.0000,0.0000,0.0000,0.0250,5.2400,23.6930,33.3790,37.6630
580,0.0000,0.0000,0.0000,0.0100,5.1840,23.6510,33.2700,37.8850
581,0.0000,0.0000,0.0000,0.0090,4.9290,23.3150,33.4010,38.3460
582,0.0000,0.0000,0.0000,0.0080,4.9350,22.9290,33.6540,38.4740
583,0.0000,0.0000,0.0000,0.0050,4.8780,22.8030,33.3810,38.9330
584,0.0000,0.0000,0.0000,0.0040,4.7000,22.7550,33.0980,39.4430
585,0.0000,0.0000,0.0000,0.0040,4.5270,22.4910,33.5870,39.3910
586,0.0000,0.0000,0.0000,0.0010,4.3910,22.3710,32.9570,40.2800
587,0.0000,0.0000,0.0000,0.0030,4.4660,21.6160,33.5090,40.4060
588,0.0000,0.0000,0.0000,0.0010,4.2420,21.6820,33.2120,40.8630
589,0.0000,0.0000,0.0000,0.0000,4.1220,21.5410,33.3280,41.0090
590,0.0000,0.0000,0.0000,0.0000,4.0950,21.4860,32.9970,41.4220
591,0.0000,0.0000,0.0000,0.0000,4.0460,21.1720,33.1580,41.6240
592,0.0000,0.0000,0.0000,0.0000,3.8880,20.9590,33.1150,42.0380
593,0.0000,0.0000,0.0000,0.0000,3.8780,20.4550,33.1420,42.5250
594,0.0000,0.0000,0.0000,0.0000,3.7630,20.5800,32.6610,42.9960
595,0.0000,0.0000,0.0000,0.0000,3.7430,20.3530,32.9550,42.9490
596,0.0000,0.0000,0.0000,0.0000,3.5360,19.9680,32.7630,43.7330
597,0.0000,0.0000,0.0000,0.0000,3.5300,19.7190,32.9270,43.8240
598,0.0000,0.0000,0.0000,0.0000,3.3880,19.5670,32.7730,44.2720
599,0.0000,0.0000,0.0000,0.0000,3.3960,19.2290,32.4940,44.8810
600,0.0000,0.0000,0.0000,0.0000,3.2900,19.2000,32.8290,44.6810
601,0.0000,0.0000,0.0000,0.0000,3.2250,18.9600,32.4370,45.3780
602,0.0000,0.0000,0.0000,0.0000,3.1960,18.8470,32.6300,45.3270
603,0.0000,0.0000,0.0000,0.0000,3.1240,18.6620,32.1340,46.0800
604,0.0000,0.0000,0.0000,0.0000,3.0240,18.3550,32.2050,46.4160
605,0.0000,0.0000,0.0000,0.0000,2.9160,18.3030,32.1070,46.6740
606,0.0000,0.0000,0.0000,0.0000,2.9430,17.8050,32.2050,47.0470
607,0.0000,0.0000,0.0000,0.0000,2.9020,17.8090,31.8470,47.4420
608,0.0000,0.0000,0.0000,0.0000,2.7510,17.5840,31.9850,47.6800
609,0.0000,0.0000,0.0000,0.0000,2.7470,17.5350,31.8460,47.8720
610,0.0000,0.0000,0.0000,0.0000,2.6440,17.4370,31.8200,48.0990
611,0.0000,0.0000,0.0000,0.0000,2.6420,17.2090,31.3280,48.8210
612,0.0000,0.0000,0.0000,0.0000,2.5440,16.7000,31.6120,49.1440
613,0.0000,0.0000,0.0000,0.0000,2.4750,16.5610,31.4730,49.4910
614,0.0000,0.0000,0.0000,0.0000,2.4350,16.5190,31.4030,49.6430
615,0.0000,0.0000,0.0000,0.0000,2.3380,16.2470,31.2740,50.1410
616,0.0000,0.0000,0.0000,0.0000,2.3370,15.9350,31.2210,50.5070
617,0.0000,0.0000,0.0000,0.0000,2.2760,15.9170,31.1140,50.6930
618,0.0000,0.0000,0.0000,0.0000,2.1830,15.7660,31.4130,50.6380
619,0.0000,0.0000,0.0000,0.0000,2.0820,15.6360,30.9470,51.3350
620,0.0000,0.0000,0.0000,0.0000,2.1640,15.4320,30.8680,51.5360
621,0.0000,0.0000,0.0000,0.0000,2.0040,15.1810,30.5770,52.2380
622,0.0000,0.0000,0.0000,0.0000,2.1450,14.9700,30.5460,52.3390
623,0.0000,0.0000,0.0000,0.0000,1.9610,14.7050,30.7510,52.5830
624,0.0000,0.0000,0.0000,0.0000,1.9140,14.5010,30.4700,53.1150
625,0.0000,0.0000,0.0000,0.0000,1.9260,14.3970,30.0470,53.6300
626,0.0000,0.0000,0.0000,0.0000,1.7790,14.2700,30.2860,53.6650
627,0.0000,0.0000,0.0000,0.0000,1.7150,13.9900,29.9610,54.3340
628,0.0000,0.0000,0.0000,0.0000,1.7280,13.9550,29.8640,54.4530
629,0.0000,0.0000,0.0000,0.0000,1.6320,13.8060,29.8290,54.7330
630,0.0000,0.0000,0.0000,0.0000,1.5930,13.6510,29.4890,55.2670
631,0.0000,0.0000,0.0000,0.0000,1.5940,13.4220,29.1010,55.8830
632,0.0000,0.0000,0.0000,0.0000,1.5480,13.3100,29.5610,55.5810
633,0.0000,0.0000,0.0000,0.0000,1.5160,13.0100,29.2320,56.2420
634,0.0000,0.0000,0.0000,0.0000,1.4510,13.0170,29.3010,56.2310
635,0.0000,0.0000,0.0000,0.0000,1.4370,12.6280,28.8200,57.1150
636,0.0000,0.0000,0.0000,0.0000,1.4440,12.5500,28.5550,57.4510
